1.0 1.0
1.00506433511 1.00726989519
1.01015092422 1.01453140247
1.01454457919 1.0204449821
1.01903075701 1.02605286031
1.02477113492 1.03404761436
1.03011136071 1.04111370611
1.03570359296 1.04845233414
1.04099665337 1.05469820499
1.04707104212 1.06302367961
1.05520474541 1.07598524476
1.06324853377 1.08912234991
1.07096348054 1.10265419687
1.07713992583 1.11469380945
1.08465604042 1.12609568321
1.09506618529 1.14390659805
1.10150588828 1.15445142905
1.10730263502 1.16045480818
1.1128331599 1.16522346817
1.11815462958 1.16909073805
1.12330672713 1.17233394865
1.12829315936 1.17464695545
1.13308887954 1.17626181239
1.13767241295 1.17733342096
1.14201363643 1.1780825597
1.14609213801 1.1786151178
1.14990156628 1.17880407716
1.15345247776 1.1788049554
1.15676243715 1.17853334527
1.15985710821 1.17783722059
1.1627565902 1.17662591028
1.16546761078 1.17499965951
1.16798946922 1.17288425877
1.17032623561 1.1703771187
1.17248042706 1.16760983044
1.17445485779 1.16465395906
1.17625479806 1.16158041605
1.17788507315 1.15834278086
1.17934717452 1.15496566964
1.18064155272 1.15143494703
1.18176966179 1.14772567716
1.18273395286 1.14413635263
1.18353909244 1.14041103669
1.18419134964 1.13659425592
1.18469813177 1.13283867259
1.18506553859 1.12927676559
1.18529696989 1.12633638249
1.18539418105 1.12349845911
1.18535942229 1.12064318818
1.18519436973 1.11756105526
1.18490044193 1.11406978805
1.18448043792 1.1106206138
1.1839358449 1.10679305171
1.18326501404 1.10253349349
1.18246503724 1.09778308467
1.18153438845 1.09253387593
1.18047592845 1.08740707813
1.1792930489 1.0817643951
1.17798571033 1.07582025164
1.1765534926 1.0699309297
1.17499812719 1.06435159627
1.17332329163 1.05975560782
1.17153640707 1.05534150348
1.16964807381 1.05115271923
1.16767128638 1.04722368971
1.16561812953 1.04354898705
1.16349548298 1.04085786213
1.16131075585 1.03830114837
1.15907734167 1.03580035978
1.15681022211 1.03327467209
1.15452194179 1.03067042982
1.15222086635 1.02874546506
1.1499118818 1.02657127885
1.14759940775 1.02418060362
1.14528622606 1.02155862298
1.14297510178 1.01864030446
1.14067023896 1.0163033477
1.13837566037 1.01361883645
1.13609328705 1.01052847656
1.13382425613 1.00702371772
1.13156959158 1.00316375855
1.12933184406 1.00007758474
1.12711258866 0.996566943061
1.12491056199 0.99268773312
1.1227234061 0.988553360373
1.12054986392 0.984255449018
1.11838988992 0.980851935344
1.11624574599 0.977129354852
1.11412127262 0.97321254989
1.11202151056 0.969234567372
1.10995026854 0.96523688831
1.10790823864 0.962274006926
1.10589488399 0.959198479957
1.10391104458 0.956016214657
1.10195732064 0.952716256281
1.10003354944 0.949294195609
1.09813867756 0.947001321193
1.09627078937 0.944536840185
1.09442727669 0.941886781213
1.09260496096 0.939033135355
1.09080025335 0.93597292157
1.08900920433 0.934099590423
1.08722755011 0.931921928405
1.08545067723 0.929424698271
1.08367366109 0.926637234814
1.08189122982 0.923595527904
