1.0 1.0
1.01204652949 1.01261107205
1.02481391005 1.02717689916
1.03785014746 1.04273337064
1.05053139168 1.05810704068
1.06241735065 1.0727037232
1.07331004147 1.08661856818
1.08335470844 1.09924996616
1.09287355164 1.11132387585
1.10235772774 1.1238386101
1.1121549067 1.13722866308
1.1223732096 1.14842162258
1.13287148566 1.16042476379
1.14345146656 1.17250961265
1.15381223092 1.18370352353
1.1637425802 1.19351029592
1.17318467208 1.20189905622
1.18223205626 1.21007660058
1.19100662904 1.21801160464
1.19969204981 1.22540836623
1.20842359573 1.23186812824
1.21723084894 1.23679898309
1.22607592013 1.23992318433
1.23494549225 1.24182508663
1.24380699378 1.24337648197
1.2526330621 1.24503426144
1.26142551861 1.24523166086
1.27018686073 1.24589770477
1.27888810345 1.24683907099
1.28749189073 1.24770305049
1.29596795316 1.24839840592
1.30430498292 1.2493033754
1.31249846587 1.2501732222
1.32053381563 1.25121753884
1.32839702791 1.25276778936
1.33607834589 1.2549693249
1.34356981164 1.25790804545
1.35087169558 1.26145220506
1.35799393101 1.26546774205
1.36495246007 1.26966776861
1.37176038198 1.27391420196
1.37842477586 1.27841714367
1.38494731292 1.28291631579
1.39133021642 1.28757606746
1.39757438393 1.29272975259
1.40368383008 1.29857119785
1.40966291502 1.30519379436
1.4155238742 1.31237461799
1.42128836564 1.31971521404
1.42698321492 1.32655722762
1.43262995239 1.3324753498
1.43824170353 1.33772399228
1.44382269707 1.34195536903
1.44937463799 1.34544970262
1.45489524295 1.34875957868
1.46038484994 1.35227432674
1.4658463845 1.35613770893
1.47128919786 1.36003601688
1.47672709901 1.36371631235
1.48217693892 1.36683055737
1.48765077653 1.36921822156
1.49315266403 1.3711123958
1.49867985991 1.37209153254
1.50422848096 1.37273144259
1.50979139172 1.37381293534
1.51536150179 1.37571511481
1.52093625367 1.37878541893
1.52651155761 1.38258921332
1.53207614708 1.38670046032
1.53761619806 1.39057733417
1.5431197117 1.39400827492
1.54857986048 1.39796993095
1.55399158574 1.40136307987
1.55934680186 1.40438629104
1.56463743074 1.40720251973
1.56985636322 1.40980539299
1.5749990476 1.41306093736
1.580061289 1.41598487283
1.58503734523 1.41855672658
1.5899215605 1.4209651366
1.59471004035 1.4234604027
1.59940067042 1.42737067326
1.60399406287 1.43111772878
1.60849304184 1.43471113028
1.61290230171 1.43798914968
1.61722642045 1.44072869975
1.62146667492 1.44415133339
1.62562556631 1.44696299885
1.62971072956 1.44907774598
1.63373155343 1.45060917146
1.63769564659 1.45178382268
1.64160659556 1.4541009595
1.64546586497 1.45574110831
1.64927614377 1.4569864269
1.65303950876 1.45803577976
1.65675752223 1.45883836019
1.66043128455 1.46075981913
1.66406142287 1.46242072492
1.66764803486 1.46366290222
1.67119068111 1.4644489862
1.67468834387 1.46486229413
1.67813940078 1.46690206062
1.68154162105 1.46840714911
1.68489218431 1.4694654455
1.68818766177 1.47022506958
1.69142401625 1.47073594482
