-0.000000000000000
0.000000000000000
-0.000000000000022
-0.000000000000000
-0.000000000000002
-0.000000000000011
-0.000000000000000
-0.000000000000013
0.000000000000000
0.000000000000000
-0.000000000000001
0.000000000000000
0.000000000000000
0.000000000000000
0.000000000000000
0.000000000000000
0.000000000000000
0.000000000000000
0.000000000000000
0.000000000000000
-0.000000000000007
0.000000000000000
0.000000000000000
0.000000000001251
0.000000000000001
0.000000000000000
-0.000000000000011
-0.000000000000000
-0.000000000000014
-0.000000000000022
0.000000000000000
-0.000000000000028
-0.000000000000022
0.000000000000000
-0.000000000000021
0.000000000000000
0.000000000000000
0.000000000000000
0.000000000000000
0.000000000000000
0.000000000000000
0.000000000000000
0.000000000000000
0.000000000000000
-0.000000000000057
0.000000000000000
-0.000000000000000
-0.000000000001222
0.000000000000000
0.000000000000001
-0.000000000000000
0.000000000000002
-0.000000000000033
0.000000000000000
-0.000000000000004
-0.000000000000044
0.000000000000000
0.000000000000055
-0.000000000000022
-0.000000000000000
-0.000000000000004
-0.000000000000000
0.000000000000000
-0.000000000000000
0.000000000000000
0.000000000000000
0.000000000000000
0.000000000000000
0.000000000000000
0.000000000000000
0.000000000000004
-0.000000000000000
0.000000000000000
-0.000000000000327
0.000000000000000
0.000000000000000
-0.000000000000022
0.000000000000000
-0.000000000000014
-0.000000000000022
0.000000000000000
0.000000000000000
-0.000000000000011
0.000000000000000
-0.000000000000007
-0.000000000000000
-0.000000000000000
-0.000000000000000
0.000000000000000
0.000000000000000
0.000000000000000
0.000000000000000
0.000000000000000
0.000000000000000
-0.000000000000028
-0.000000000000000
0.000000000000000
0.000000000002302
0.000000000000000
0.000000000000000
0.000000000000000
-0.000000000000005
-0.000000000000011
-0.000000000000000
0.000000000000004
0.000000000000011
0.000000000000000
-0.000000000000045
-0.000000000000011
0.000000000000000
0.000000000000004
0.000000000000000
-0.000000000000000
-0.000000000000000
0.000000000000000
0.000000000000000
0.000000000000000
0.000000000000000
0.000000000000000
0.000000000000000
0.000000000000000
0.000000000000000
0.000000000000000
0.000000000001805
-0.000000000000001
-0.000000000000000
-0.000000000000011
0.000000000000000
-0.000000000000028
0.000000000000033
0.000000000000000
-0.000000000000057
0.000000000000033
0.000000000000000
0.000000000000000
-0.000000000000000
0.000000000000000
0.000000000000000
0.000000000000000
0.000000000000000
0.000000000000000
0.000000000000000
0.000000000000000
0.000000000000000
-0.000000000000028
-0.000000000000000
-0.000000000000000
-0.000000000004746
-0.000000000000000
-0.000000000000000
0.000000000000000
0.000000000000002
0.000000000000033
-0.000000000000000
0.000000000000000
0.000000000000022
0.000000000000000
0.000000000000004
0.000000000000000
0.000000000000000
0.000000000000004
0.000000000000000
0.000000000000000
0.000000000000000
0.000000000000000
0.000000000000000
0.000000000000000
0.000000000000000
0.000000000000000
0.000000000000000
0.000000000000000
0.000000000000000
0.000000000000000
0.000000000000384
-0.000000000000000
0.000000000000000
0.000000000000011
0.000000000000000
-0.000000000000028
-0.000000000000033
0.000000000000000
0.000000000000000
-0.000000000000044
0.000000000000000
-0.000000000000014
-0.000000000000000
-0.000000000000000
-0.000000000000000
0.000000000000000
0.000000000000000
0.000000000000000
0.000000000000000
0.000000000000000
0.000000000000000
0.000000000000014
0.000000000000000
-0.000000000000000
0.000000000000711
-0.000000000000000
-0.000000000000000
0.000000000000000
0.000000000000002
-0.000000000000056
0.000000000000000
0.000000000000001
-0.000000000000078
-0.000000000000000
0.000000000000016
-0.000000000000056
0.000000000000000
-0.000000000000002
0.000000000000000
-0.000000000000000
-0.000000000000000
0.000000000000000
0.000000000000000
0.000000000000000
0.000000000000000
0.000000000000000
0.000000000000000
-0.000000000000004
-0.000000000000000
-0.000000000000000
-0.000000000001805
0.000000000000001
0.000000000000000
0.000000000000011
0.000000000000000
-0.000000000000014
0.000000000000000
-0.000000000000000
0.000000000000057
0.000000000000022
-0.000000000000000
-0.000000000000007
-0.000000000000000
-0.000000000000000
0.000000000000000
0.000000000000000
0.000000000000000
0.000000000000000
0.000000000000000
0.000000000000000
0.000000000000000
-0.000000000000014
0.000000000000000
0.000000000000000
0.000000000000057
-0.000000000000000
-0.000000000000000
0.000000000000000
-0.000000000000004
-0.000000000000011
-0.000000000000000
0.000000000000001
0.000000000000000
0.000000000000000
-0.000000000000002
0.000000000000011
-0.000000000000000
0.000000000000007
0.000000000000000
0.000000000000000
-0.000000000000000
0.000000000000000
0.000000000000000
0.000000000000000
0.000000000000000
0.000000000000000
0.000000000000000
-0.000000000000004
-0.000000000000000
-0.000000000000000
0.000000000000909
-0.000000000000000
0.000000000000000
-0.000000000000044
0.000000000000000
-0.000000000000014
-0.000000000000033
0.000000000000000
0.000000000000057
-0.000000000000044
0.000000000000000
-0.000000000000014
-0.000000000000000
-0.000000000000000
0.000000000000000
0.000000000000000
0.000000000000000
0.000000000000000
0.000000000000000
0.000000000000000
0.000000000000000
0.000000000000014
0.000000000000000
-0.000000000000000
-0.000000000000739
-0.000000000000000
0.000000000000000
0.000000000000000
0.000000000000004
-0.000000000000067
0.000000000000000
-0.000000000000002
-0.000000000000078
0.000000000000000
0.000000000000017
-0.000000000000056
0.000000000000000
0.000000000000000
0.000000000000000
0.000000000000000
0.000000000000000
0.000000000000000
0.000000000000000
0.000000000000000
0.000000000000000
0.000000000000000
0.000000000000000
-0.000000000000007
-0.000000000000000
-0.000000000000000
0.000000000001336
0.000000000000000
-0.000000000000000
-0.000000000000033
0.000000000000000
-0.000000000000043
-0.000000000000044
0.000000000000000
-0.000000000000028
-0.000000000000022
-0.000000000000000
0.000000000000000
-0.000000000000000
0.000000000000000
-0.000000000000000
0.000000000000000
0.000000000000000
0.000000000000000
0.000000000000000
0.000000000000000
0.000000000000000
-0.000000000000014
-0.000000000000000
0.000000000000000
-0.000000000001791
0.000000000000000
-0.000000000000000
0.000000000000000
-0.000000000000011
0.000000000000011
0.000000000000000
-0.000000000000006
-0.000000000000022
0.000000000000000
0.000000000000017
-0.000000000000033
0.000000000000000
0.000000000000004
0.000000000000000
-0.000000000000000
-0.000000000000000
0.000000000000000
0.000000000000000
0.000000000000000
0.000000000000000
0.000000000000000
0.000000000000000
-0.000000000000014
-0.000000000000000
-0.000000000000000
0.000000000000369
0.000000000000000
-0.000000000000000
-0.000000000000011
0.000000000000000
0.000000000000057
0.000000000000022
0.000000000000000
0.000000000000142
-0.000000000000022
0.000000000000000
0.000000000000000
-0.000000000000000
-0.000000000000000
-0.000000000000000
0.000000000000000
0.000000000000000
0.000000000000000
0.000000000000000
0.000000000000000
0.000000000000000
0.000000000000057
-0.000000000000000
-0.000000000000000
0.000000000006310
-0.000000000000000
0.000000000000000
0.000000000000000
-0.000000000000007
0.000000000000011
0.000000000000000
0.000000000000004
0.000000000000056
0.000000000000000
0.000000000000015
0.000000000000044
0.000000000000000
-0.000000000000004
0.000000000000000
0.000000000000000
0.000000000000000
0.000000000000000
0.000000000000000
0.000000000000000
0.000000000000000
0.000000000000000
0.000000000000000
-0.000000000000004
-0.000000000000000
0.000000000000000
0.000000000000156
0.000000000000000
0.000000000000000
0.000000000000000
-0.000000000000000
-0.000000000000014
-0.000000000000011
0.000000000000000
-0.000000000000085
0.000000000000000
0.000000000000000
-0.000000000000007
0.000000000000000
0.000000000000000
0.000000000000000
0.000000000000000
0.000000000000000
0.000000000000000
0.000000000000000
0.000000000000000
0.000000000000000
-0.000000000000071
-0.000000000000000
0.000000000000000
-0.000000000001307
0.000000000000000
0.000000000000000
0.000000000000000
0.000000000000000
0.000000000000044
-0.000000000000000
0.000000000000001
0.000000000000022
-0.000000000000000
-0.000000000000048
0.000000000000033
0.000000000000000
0.000000000000005
0.000000000000000
0.000000000000000
-0.000000000000000
0.000000000000000
0.000000000000000
0.000000000000000
0.000000000000000
0.000000000000000
0.000000000000000
-0.000000000000011
0.000000000000000
0.000000000000000
-0.000000000002487
0.000000000000000
-0.000000000000000
-0.000000000000011
0.000000000000000
0.000000000000014
0.000000000000022
0.000000000000000
-0.000000000000114
0.000000000000011
0.000000000000000
0.000000000000007
0.000000000000000
0.000000000000000
0.000000000000000
0.000000000000000
0.000000000000000
0.000000000000000
0.000000000000000
0.000000000000000
0.000000000000000
-0.000000000000028
0.000000000000000
-0.000000000000000
0.000000000000369
0.000000000000000
-0.000000000000000
-0.000000000000000
0.000000000000000
-0.000000000000122
0.000000000000000
-0.000000000000013
-0.000000000000089
0.000000000000000
0.000000000000032
-0.000000000000033
0.000000000000000
-0.000000000000002
0.000000000000000
-0.000000000000000
0.000000000000000
0.000000000000000
0.000000000000000
0.000000000000000
0.000000000000000
0.000000000000000
0.000000000000000
0.000000000000004
0.000000000000000
0.000000000000000
0.000000000000199
0.000000000000000
0.000000000000000
-0.000000000000011
0.000000000000000
0.000000000000000
0.000000000000000
0.000000000000000
0.000000000000085
-0.000000000000022
0.000000000000000
0.000000000000014
0.000000000000000
0.000000000000000
0.000000000000000
0.000000000000000
0.000000000000000
0.000000000000000
0.000000000000000
0.000000000000000
0.000000000000000
-0.000000000000028
0.000000000000000
0.000000000000000
0.000000000004547
0.000000000000000
0.000000000000000
0.000000000000000
-0.000000000000014
0.000000000000022
0.000000000000000
-0.000000000000001
0.000000000000022
0.000000000000000
0.000000000000014
-0.000000000000033
0.000000000000000
0.000000000000005
0.000000000000000
0.000000000000000
0.000000000000000
0.000000000000000
0.000000000000000
0.000000000000000
0.000000000000000
0.000000000000000
0.000000000000000
-0.000000000000004
0.000000000000000
-0.000000000000000
0.000000000001151
0.000000000000000
0.000000000000000
0.000000000000056
0.000000000000000
-0.000000000000014
0.000000000000011
-0.000000000000000
0.000000000000000
0.000000000000022
0.000000000000000
-0.000000000000014
0.000000000000000
0.000000000000000
-0.000000000000000
0.000000000000000
0.000000000000000
0.000000000000000
0.000000000000000
-0.000000000000000
0.000000000000000
-0.000000000000043
-0.000000000000000
0.000000000000000
0.000000000003695
0.000000000000000
0.000000000000000
-0.000000000000000
0.000000000000014
-0.000000000000044
0.000000000000000
0.000000000000004
-0.000000000000056
0.000000000000000
-0.000000000000053
-0.000000000000033
0.000000000000001
0.000000000000007
0.000000000000000
0.000000000000000
0.000000000000000
0.000000000000000
0.000000000000000
0.000000000000000
0.000000000000000
0.000000000000000
0.000000000000000
-0.000000000000018
-0.000000000000000
-0.000000000000000
-0.000000000002061
-0.000000000000000
0.000000000000000
-0.000000000000078
0.000000000000000
0.000000000000000
-0.000000000000122
0.000000000000000
0.000000000000085
-0.000000000000089
0.000000000000000
0.000000000000007
0.000000000000000
-0.000000000000000
0.000000000000000
0.000000000000000
0.000000000000000
0.000000000000000
0.000000000000000
0.000000000000000
0.000000000000000
-0.000000000000028
-0.000000000000000
-0.000000000000000
0.000000000003581
-0.000000000000000
-0.000000000000000
0.000000000000000
-0.000000000002842
0.000000000000000
0.000000000000000
-0.000000000000000
0.000000000000022
0.000000000000000
0.000000000000034
0.000000000000067
0.000000000000000
0.000000000000005
-0.000000000000000
-0.000000000000000
-0.000000000000000
0.000000000000000
0.000000000000000
0.000000000000000
0.000000000000000
0.000000000000000
0.000000000000000
-0.000000000000004
0.000000000000000
0.000000000000000
0.000000000001393
-0.000000000000000
-0.000000000000000
0.000000000000155
-0.000000000000000
0.000000000000043
0.000000000000244
0.000000000000000
0.000000000000028
0.000000000000200
0.000000000000000
0.000000000000036
-0.000000000000000
-0.000000000000000
-0.000000000000000
0.000000000000000
0.000000000000000
0.000000000000000
0.000000000000000
0.000000000000000
0.000000000000000
0.000000000000000
-0.000000000000317
0.000000000000000
-0.000000000395062
0.000000000000100
0.000000000000000
-0.000000000000000
0.000000000000028
0.000000000000000
-0.000000000000000
0.000000000000003
0.000000000000022
0.000000000000000
-0.000000000000028
0.000000000000011
-0.000000000000000
0.000000000000004
0.000000000000000
0.000000000000000
0.000000000000000
0.000000000000000
0.000000000000000
0.000000000000000
0.000000000000000
0.000000000000000
0.000000000000000
-0.000000000000011
-0.000000000000000
0.000000000000000
0.000000000001037
-0.000000000000000
-0.000000000000000
0.000000000000011
0.000000000000000
0.000000000000043
0.000000000000000
0.000000000000000
0.000000000000057
-0.000000000000011
0.000000000000000
0.000000000000043
-0.000000000000000
0.000000000000000
0.000000000000000
0.000000000000000
0.000000000000000
0.000000000000000
0.000000000000000
0.000000000000000
0.000000000000000
0.000000000000014
0.000000000000000
0.000000000000000
0.000000000004775
-0.000000000000000
-0.000000000000000
0.000000000000000
-0.000000000000014
0.000000000000078
0.000000000000000
0.000000000000005
0.000000000000056
0.000000000000000
0.000000000000014
0.000000000000022
0.000000000000000
0.000000000000004
0.000000000000000
0.000000000000000
0.000000000000000
0.000000000000000
0.000000000000000
0.000000000000000
0.000000000000000
0.000000000000000
0.000000000000000
-0.000000000000007
0.000000000000000
0.000000000000000
-0.000000000000185
0.000000000000000
0.000000000000000
0.000000000000056
0.000000000000000
0.000000000000057
0.000000000000067
0.000000000000000
-0.000000000000057
0.000000000000089
0.000000000000000
0.000000000000028
-0.000000000000000
-0.000000000000000
0.000000000000000
0.000000000000000
0.000000000000000
0.000000000000000
0.000000000000000
0.000000000000000
0.000000000000000
0.000000000000028
-0.000000000000000
-0.000000000000000
0.000000000001592
-0.000000000000000
-0.000000000000000
-0.000000000000000
0.000000000000014
0.000000000000022
-0.000000000000000
-0.000000000000003
0.000000000000000
0.000000000000000
0.000000000000049
0.000000000000022
0.000000000000000
0.000000000000002
0.000000000000000
-0.000000000000000
0.000000000000000
0.000000000000000
0.000000000000000
0.000000000000000
0.000000000000000
0.000000000000000
0.000000000000000
0.000000000000000
0.000000000000000
0.000000000000000
0.000000000000398
-0.000000000000000
0.000000000000000
0.000000000000000
0.000000000000000
0.000000000000028
0.000000000000000
-0.000000000000000
0.000000000000000
-0.000000000000011
0.000000000000000
-0.000000000000028
-0.000000000000000
0.000000000000000
-0.000000000000000
0.000000000000000
0.000000000000000
0.000000000000000
0.000000000000000
0.000000000000000
0.000000000000000
-0.000000000000057
0.000000000000000
-0.000000000000000
-0.000000000001819
-0.000000000000000
-0.000000000000000
0.000000000000000
0.000000000000000
0.000000000000078
0.000000000000000
0.000000000000008
0.000000000000044
0.000000000000000
-0.000000000000053
0.000000000000022
0.000000000000000
0.000000000000004
0.000000000000000
-0.000000000000000
-0.000000000000000
0.000000000000000
0.000000000000000
0.000000000000000
0.000000000000000
0.000000000000000
0.000000000000000
0.000000000000004
0.000000000000000
0.000000000000000
0.000000000001236
-0.000000000000000
0.000000000000000
-0.000000000000011
-0.000000000000000
-0.000000000000028
-0.000000000000011
-0.000000000000000
-0.000000000000057
-0.000000000000033
0.000000000000000
-0.000000000000014
-0.000000000000000
-0.000000000000000
0.000000000000000
0.000000000000000
0.000000000000000
0.000000000000000
0.000000000000000
0.000000000000000
0.000000000000000
0.000000000000000
0.000000000000000
0.000000000000000
-0.000000000006025
0.000000000000000
-0.000000000000000
-0.000000000000000
0.000000000000057
-0.000000000000044
0.000000000000000
-0.000000000000001
-0.000000000000022
0.000000000000000
-0.000000000000023
-0.000000000000033
-0.000000000000000
0.000000000000002
-0.000000000000000
0.000000000000000
-0.000000000000000
0.000000000000000
0.000000000000000
0.000000000000000
0.000000000000000
0.000000000000000
0.000000000000000
-0.000000000000007
-0.000000000000000
0.000000000000000
0.000000000000298
-0.000000000000001
-0.000000000000000
-0.000000000000011
0.000000000000000
0.000000000000114
-0.000000000000067
0.000000000000000
0.000000000000057
0.000000000000011
0.000000000000000
0.000000000000036
-0.000000000000000
-0.000000000000000
0.000000000000000
0.000000000000000
0.000000000000000
0.000000000000000
0.000000000000000
0.000000000000000
0.000000000000000
0.000000000000057
0.000000000000000
0.000000000000000
0.000000000007560
0.000000000000000
0.000000000000000
0.000000000000000
-0.000000000000014
-0.000000000000044
0.000000000000000
0.000000000000012
0.000000000000011
0.000000000000000
0.000000000000033
0.000000000000000
0.000000000000000
-0.000000000000004
0.000000000000000
0.000000000000000
0.000000000000000
0.000000000000000
0.000000000000000
0.000000000000000
0.000000000000000
0.000000000000000
0.000000000000000
0.000000000000000
0.000000000000000
-0.000000000000000
0.000000000001165
0.000000000000000
0.000000000000000
0.000000000000000
0.000000000000001
0.000000000000000
0.000000000000044
0.000000000000000
0.000000000000057
0.000000000000000
0.000000000000000
0.000000000000014
-0.000000000000000
-0.000000000000000
-0.000000000000000
0.000000000000000
0.000000000000000
0.000000000000000
0.000000000000000
0.000000000000000
0.000000000000000
0.000000000000028
0.000000000000000
-0.000000000000000
0.000000000007788
0.000000000000000
0.000000000000000
-0.000000000000000
0.000000000000014
0.000000000000067
-0.000000000000000
-0.000000000000015
0.000000000000033
0.000000000000000
-0.000000000000051
0.000000000000033
0.000000000000000
0.000000000000004
0.000000000000000
0.000000000000000
0.000000000000000
0.000000000000000
0.000000000000000
0.000000000000000
0.000000000000000
0.000000000000000
0.000000000000000
-0.000000000000007
0.000000000000000
0.000000000000000
0.000000000000128
-0.000000000000001
0.000000000000000
0.000000000000044
-0.000000000000000
0.000000000000057
0.000000000000022
0.000000000000000
0.000000000000114
0.000000000000044
0.000000000000000
0.000000000000007
0.000000000000000
-0.000000000000000
0.000000000000000
0.000000000000000
0.000000000000000
0.000000000000000
0.000000000000000
0.000000000000000
0.000000000000000
0.000000000000057
0.000000000000000
0.000000000000000
0.000000000000114
0.000000000000000
0.000000000000000
-0.000000000000000
0.000000000000043
-0.000000000000022
0.000000000000001
0.000000000000008
-0.000000000000011
0.000000000000001
0.000000000000026
0.000000000000000
0.000000000000000
0.000000000000004
0.000000000000000
-0.000000000000000
-0.000000000000000
0.000000000000000
0.000000000000000
0.000000000000000
0.000000000000000
0.000000000000000
0.000000000000000
-0.000000000000007
0.000000000000000
0.000000000000000
0.000000000003482
0.000000000000000
0.000000000000000
-0.000000000000022
0.000000000000001
-0.000000000000085
-0.000000000000022
0.000000000000000
0.000000000000114
-0.000000000000022
-0.000000000000000
0.000000000000021
-0.000000000000000
-0.000000000000000
-0.000000000000000
0.000000000000000
0.000000000000000
0.000000000000000
0.000000000000000
0.000000000000000
0.000000000000000
-0.000000000000085
0.000000000000000
-0.000000000000000
0.000000000006480
-0.000000000000000
0.000000000000000
0.000000000000000
0.000000000000000
0.000000000000033
-0.000000000000000
-0.000000000000007
0.000000000000044
0.000000000000000
-0.000000000000008
0.000000000000044
0.000000000000000
0.000000000000000
0.000000000000000
0.000000000000000
0.000000000000000
0.000000000000000
0.000000000000000
0.000000000000000
0.000000000000000
0.000000000000000
0.000000000000000
0.000000000000000
-0.000000000000000
0.000000000000000
0.000000000002260
0.000000000000000
0.000000000000000
-0.000000000000022
0.000000000000000
-0.000000000000057
0.000000000000022
-0.000000000000000
0.000000000000114
0.000000000000000
0.000000000000000
0.000000000000021
0.000000000000000
0.000000000000000
0.000000000000000
0.000000000000000
0.000000000000000
0.000000000000000
0.000000000000000
0.000000000000000
0.000000000000000
-0.000000000000171
-0.000000000000000
-0.000000000000000
-0.000000000005627
0.000000000000000
0.000000000000000
0.000000000000000
-0.000000000000014
-0.000000000000011
0.000000000000000
0.000000000000002
0.000000000000000
0.000000000000000
-0.000000000000093
-0.000000000000033
0.000000000000001
0.000000000000005
0.000000000000000
0.000000000000000
-0.000000000000000
0.000000000000000
0.000000000000000
0.000000000000000
0.000000000000000
0.000000000000000
0.000000000000000
0.000000000000000
0.000000000000000
-0.000000000000000
0.000000000004604
0.000000000000000
0.000000000000000
0.000000000000044
0.000000000000001
-0.000000000000028
-0.000000000000022
0.000000000000001
0.000000000000057
0.000000000000022
0.000000000000000
0.000000000000000
-0.000000000000000
0.000000000000000
-0.000000000000000
0.000000000000000
0.000000000000000
0.000000000000000
0.000000000000000
0.000000000000000
0.000000000000000
0.000000000000000
-0.000000000000000
0.000000000000000
-0.000000000009834
0.000000000000000
0.000000000000000
0.000000000000000
0.000000000000028
-0.000000000000033
0.000000000000000
0.000000000000002
0.000000000000033
0.000000000000000
-0.000000000000003
0.000000000000044
0.000000000000000
-0.000000000000004
0.000000000000000
0.000000000000000
0.000000000000000
0.000000000000000
0.000000000000000
0.000000000000000
0.000000000000000
0.000000000000000
0.000000000000000
-0.000000000000007
0.000000000000000
-0.000000000000000
-0.000000000000171
-0.000000000000000
0.000000000000000
0.000000000000000
0.000000000000000
-0.000000000000057
0.000000000000000
0.000000000000000
0.000000000000114
0.000000000000000
0.000000000000000
0.000000000000000
0.000000000000000
0.000000000000000
0.000000000000000
0.000000000000000
0.000000000000000
0.000000000000000
0.000000000000000
0.000000000000000
0.000000000000000
0.000000000000000
0.000000000000000
-0.000000000000000
-0.000000000003638
0.000000000000000
0.000000000000001
-0.000000000000000
0.000000000000043
0.000000000000000
0.000000000000000
-0.000000000000014
0.000000000000011
0.000000000000000
-0.000000000000115
-0.000000000000011
0.000000000000000
-0.000000000000004
0.000000000000000
0.000000000000000
0.000000000000000
0.000000000000000
0.000000000000000
0.000000000000000
0.000000000000000
0.000000000000000
0.000000000000000
0.000000000000014
0.000000000000000
0.000000000000000
0.000000000002558
-0.000000000000001
0.000000000000001
-0.000000000000044
-0.000000000000001
0.000000000000057
-0.000000000000044
-0.000000000000000
-0.000000000000171
0.000000000000000
0.000000000000000
-0.000000000000014
0.000000000000000
0.000000000000000
0.000000000000000
0.000000000000000
0.000000000000000
0.000000000000000
0.000000000000000
0.000000000000000
0.000000000000000
0.000000000000057
-0.000000000000000
0.000000000000000
-0.000000000004036
0.000000000000000
-0.000000000000000
0.000000000000000
0.000000000000014
-0.000000000000033
-0.000000000000001
0.000000000000004
-0.000000000000056
-0.000000000000000
-0.000000000000046
-0.000000000000044
-0.000000000000000
0.000000000000004
0.000000000000000
0.000000000000000
-0.000000000000000
0.000000000000000
0.000000000000000
0.000000000000000
0.000000000000000
0.000000000000000
0.000000000000000
0.000000000000007
-0.000000000000000
-0.000000000000000
0.000000000003581
0.000000000000000
0.000000000000000
-0.000000000000044
-0.000000000000001
0.000000000000057
-0.000000000000044
0.000000000000000
-0.000000000000057
-0.000000000000044
-0.000000000000000
-0.000000000000028
-0.000000000000000
-0.000000000000000
-0.000000000000000
0.000000000000000
0.000000000000000
0.000000000000000
0.000000000000000
0.000000000000000
0.000000000000000
0.000000000000028
0.000000000000000
0.000000000000000
0.000000000003411
0.000000000000000
-0.000000000000000
0.000000000000000
-0.000000000000014
-0.000000000000056
0.000000000000000
0.000000000000009
-0.000000000000011
-0.000000000000000
-0.000000000000054
0.000000000000022
0.000000000000000
0.000000000000000
0.000000000000000
0.000000000000000
0.000000000000000
0.000000000000000
0.000000000000000
0.000000000000000
0.000000000000000
0.000000000000000
0.000000000000000
0.000000000000000
-0.000000000000000
-0.000000000000000
-0.000000000001137
-0.000000000000000
0.000000000000000
0.000000000000000
0.000000000000000
-0.000000000000114
0.000000000000022
0.000000000000000
-0.000000000000114
-0.000000000000022
0.000000000000000
0.000000000000028
-0.000000000000000
-0.000000000000000
0.000000000000000
0.000000000000000
0.000000000000000
0.000000000000000
0.000000000000000
0.000000000000000
0.000000000000000
-0.000000000000057
0.000000000000000
0.000000000000000
-0.000000000000057
-0.000000000000001
-0.000000000000000
0.000000000000000
-0.000000000000014
0.000000000000022
0.000000000000000
-0.000000000000004
0.000000000000033
-0.000000000000000
0.000000000000022
0.000000000000011
-0.000000000000000
0.000000000000000
0.000000000000000
-0.000000000000000
-0.000000000000000
0.000000000000000
0.000000000000000
0.000000000000000
0.000000000000000
0.000000000000000
0.000000000000000
0.000000000000000
0.000000000000000
0.000000000000000
-0.000000000000313
0.000000000000000
0.000000000000000
-0.000000000000044
0.000000000000001
0.000000000000028
-0.000000000000022
0.000000000000001
-0.000000000000171
0.000000000000022
0.000000000000001
0.000000000000000
-0.000000000000000
-0.000000000000000
-0.000000000000000
0.000000000000000
0.000000000000000
0.000000000000000
0.000000000000000
0.000000000000000
0.000000000000000
0.000000000000114
0.000000000000000
0.000000000000000
-0.000000000015007
0.000000000000000
0.000000000000000
0.000000000000000
0.000000000000000
0.000000000000022
0.000000000000000
-0.000000000000009
0.000000000000033
0.000000000000000
0.000000000000040
0.000000000000044
0.000000000000000
0.000000000000000
0.000000000000000
0.000000000000000
0.000000000000000
0.000000000000000
0.000000000000000
0.000000000000000
0.000000000000000
0.000000000000000
0.000000000000000
-0.000000000000007
-0.000000000000000
-0.000000000000000
-0.000000000003268
0.000000000000000
0.000000000000000
-0.000000000000022
-0.000000000000000
0.000000000000028
0.000000000000022
-0.000000000000001
-0.000000000000114
-0.000000000000044
-0.000000000000000
0.000000000000028
0.000000000000000
0.000000000000000
0.000000000000000
0.000000000000000
0.000000000000000
0.000000000000000
0.000000000000000
0.000000000000000
0.000000000000000
-0.000000000000085
-0.000000000000000
0.000000000000000
0.000000000007617
-0.000000000000000
-0.000000000000000
-0.000000000000000
0.000000000000000
-0.000000000000011
0.000000000000001
-0.000000000000005
-0.000000000000011
0.000000000000000
-0.000000000000015
0.000000000000000
-0.000000000000000
0.000000000000004
0.000000000000000
0.000000000000000
-0.000000000000000
0.000000000000000
0.000000000000000
0.000000000000000
0.000000000000000
0.000000000000000
0.000000000000000
-0.000000000000028
0.000000000000000
0.000000000000000
0.000000000002245
0.000000000000000
0.000000000000000
0.000000000000000
-0.000000000000000
0.000000000000085
-0.000000000000022
0.000000000000001
0.000000000000114
0.000000000000000
0.000000000000000
0.000000000000014
-0.000000000000000
-0.000000000000000
0.000000000000000
0.000000000000000
0.000000000000000
0.000000000000000
0.000000000000000
0.000000000000000
0.000000000000000
0.000000000000028
0.000000000000000
0.000000000000000
0.000000000005343
-0.000000000000000
-0.000000000000000
0.000000000000000
-0.000000000000014
-0.000000000000022
0.000000000000000
-0.000000000000005
0.000000000000000
-0.000000000000000
0.000000000000011
-0.000000000000011
-0.000000000000000
0.000000000000000
-0.000000000000000
0.000000000000000
-0.000000000000000
0.000000000000000
0.000000000000000
0.000000000000000
0.000000000000000
0.000000000000000
0.000000000000000
-0.000000000000014
-0.000000000000000
0.000000000000000
-0.000000000003524
-0.000000000000000
-0.000000000000001
-0.000000000000022
0.000000000000000
-0.000000000000085
0.000000000000022
0.000000000000000
0.000000000000114
-0.000000000000022
0.000000000000000
-0.000000000000028
0.000000000000000
0.000000000000000
0.000000000000000
0.000000000000000
0.000000000000000
0.000000000000000
0.000000000000000
0.000000000000000
0.000000000000000
0.000000000000028
0.000000000000000
0.000000000000000
-0.000000000008470
0.000000000000000
0.000000000000000
-0.000000000000000
0.000000000000014
-0.000000000000033
0.000000000000000
0.000000000000011
-0.000000000000078
0.000000000000000
0.000000000000085
-0.000000000000056
0.000000000000000
-0.000000000000004
0.000000000000000
-0.000000000000000
0.000000000000000
0.000000000000000
0.000000000000000
0.000000000000000
0.000000000000000
0.000000000000000
0.000000000000000
-0.000000000000021
0.000000000000000
0.000000000000000
0.000000000001933
0.000000000000000
0.000000000000000
-0.000000000000089
-0.000000000000001
0.000000000000057
-0.000000000000067
-0.000000000000000
0.000000000000000
-0.000000000000067
0.000000000000001
0.000000000000014
-0.000000000000000
-0.000000000000000
-0.000000000000000
0.000000000000000
0.000000000000000
0.000000000000000
0.000000000000000
0.000000000000000
0.000000000000000
0.000000000000085
0.000000000000000
0.000000000000000
-0.000000000009550
-0.000000000000001
-0.000000000000000
0.000000000000000
-0.000000000000014
0.000000000000022
0.000000000000000
-0.000000000000007
0.000000000000056
-0.000000000000000
0.000000000000073
0.000000000000022
0.000000000000000
0.000000000000011
0.000000000000000
0.000000000000000
0.000000000000000
0.000000000000000
0.000000000000000
0.000000000000000
0.000000000000000
0.000000000000000
0.000000000000000
-0.000000000000014
-0.000000000000001
-0.000000000000000
-0.000000000002302
0.000000000000001
0.000000000000000
0.000000000000000
0.000000000000000
-0.000000000000057
0.000000000000022
0.000000000000000
-0.000000000000171
-0.000000000000022
0.000000000000001
0.000000000000043
-0.000000000000000
0.000000000000000
0.000000000000000
0.000000000000000
0.000000000000000
0.000000000000000
0.000000000000000
0.000000000000000
0.000000000000000
0.000000000000028
-0.000000000000000
0.000000000000000
-0.000000000007390
-0.000000000000000
-0.000000000000000
0.000000000000000
0.000000000000000
-0.000000000000044
0.000000000000000
-0.000000000000002
-0.000000000000022
0.000000000000000
-0.000000000000079
-0.000000000000022
-0.000000000000000
-0.000000000000007
0.000000000000000
-0.000000000000000
-0.000000000000000
0.000000000000000
0.000000000000000
0.000000000000000
0.000000000000000
0.000000000000000
0.000000000000000
0.000000000000014
0.000000000000000
0.000000000000000
0.000000000000057
0.000000000000000
0.000000000000000
0.000000000000000
0.000000000000000
-0.000000000000142
-0.000000000000044
-0.000000000000001
0.000000000000114
-0.000000000000022
0.000000000000000
-0.000000000000028
0.000000000000000
-0.000000000000000
0.000000000000000
0.000000000000000
0.000000000000000
0.000000000000000
0.000000000000000
0.000000000000000
0.000000000000000
-0.000000000000114
-0.000000000000000
-0.000000000000000
0.000000000006480
0.000000000000000
0.000000000000001
0.000000000000000
0.000000000000000
-0.000000000000011
0.000000000000001
-0.000000000000002
0.000000000000011
-0.000000000000000
0.000000000000050
0.000000000000033
0.000000000000000
-0.000000000000004
-0.000000000000000
-0.000000000000000
0.000000000000000
0.000000000000000
0.000000000000000
0.000000000000000
0.000000000000000
0.000000000000000
0.000000000000000
0.000000000000021
0.000000000000000
0.000000000000000
0.000000000000000
0.000000000000000
-0.000000000000000
-0.000000000000022
0.000000000000000
0.000000000000028
-0.000000000000044
0.000000000000000
0.000000000000000
0.000000000000000
0.000000000000000
0.000000000000043
-0.000000000000000
-0.000000000000000
0.000000000000000
0.000000000000000
0.000000000000000
0.000000000000000
0.000000000000000
0.000000000000000
0.000000000000000
0.000000000000114
0.000000000000000
0.000000000000000
0.000000000005343
0.000000000000000
0.000000000000000
-0.000000000000000
0.000000000000000
0.000000000000000
0.000000000000000
-0.000000000000004
-0.000000000000011
-0.000000000000000
-0.000000000000013
-0.000000000000033
-0.000000000000000
-0.000000000000011
-0.000000000000000
-0.000000000000000
-0.000000000000000
0.000000000000000
0.000000000000000
0.000000000000000
0.000000000000000
0.000000000000000
0.000000000000000
0.000000000000028
-0.000000000000000
0.000000000000000
0.000000000001080
-0.000000000000000
-0.000000000000000
0.000000000000000
0.000000000000000
0.000000000000028
-0.000000000000022
0.000000000000000
0.000000000000000
0.000000000000000
0.000000000000000
0.000000000000057
-0.000000000000000
-0.000000000000000
0.000000000000000
0.000000000000000
0.000000000000000
0.000000000000000
0.000000000000000
0.000000000000000
0.000000000000000
0.000000000000085
0.000000000000000
-0.000000000000000
0.000000000011141
-0.000000000000000
0.000000000000000
-0.000000000000000
0.000000000000014
-0.000000000000044
0.000000000000001
0.000000000000016
-0.000000000000011
0.000000000000000
0.000000000000027
0.000000000000000
0.000000000000000
0.000000000000004
-0.000000000000000
0.000000000000000
-0.000000000000000
0.000000000000000
0.000000000000000
0.000000000000000
0.000000000000000
0.000000000000000
0.000000000000000
-0.000000000000007
0.000000000000000
0.000000000000000
0.000000000004150
0.000000000000000
-0.000000000000000
0.000000000000000
-0.000000000000001
-0.000000000000057
0.000000000000022
0.000000000000000
0.000000000000114
-0.000000000000022
-0.000000000000001
0.000000000000014
-0.000000000000000
-0.000000000000000
-0.000000000000000
0.000000000000000
0.000000000000000
0.000000000000000
0.000000000000000
0.000000000000000
0.000000000000000
-0.000000000000085
0.000000000000000
-0.000000000000000
0.000000000007958
0.000000000000000
0.000000000000000
0.000000000000000
-0.000000000000014
0.000000000000011
0.000000000000000
-0.000000000000014
-0.000000000000011
0.000000000000000
-0.000000000000016
0.000000000000000
0.000000000000000
-0.000000000000004
-0.000000000000000
0.000000000000000
0.000000000000000
0.000000000000000
0.000000000000000
0.000000000000000
0.000000000000000
0.000000000000000
0.000000000000000
0.000000000000000
-0.000000000000000
-0.000000000000000
0.000000000001847
-0.000000000000001
0.000000000000000
0.000000000000033
0.000000000000000
0.000000000000227
0.000000000000011
0.000000000000000
0.000000000000114
0.000000000000033
0.000000000000000
-0.000000000000014
0.000000000000000
-0.000000000000000
0.000000000000000
0.000000000000000
0.000000000000000
0.000000000000000
0.000000000000000
0.000000000000000
0.000000000000000
0.000000000000114
-0.000000000000000
0.000000000000000
0.000000000010459
0.000000000000000
0.000000000000000
0.000000000000000
0.000000000000000
0.000000000000022
-0.000000000000000
0.000000000000004
-0.000000000000011
0.000000000000000
-0.000000000000026
-0.000000000000022
0.000000000000000
0.000000000000000
-0.000000000000000
0.000000000000000
0.000000000000000
0.000000000000000
0.000000000000000
0.000000000000000
0.000000000000000
0.000000000000000
0.000000000000000
-0.000000000000007
0.000000000000000
0.000000000000000
0.000000000002188
-0.000000000000000
-0.000000000000001
-0.000000000000033
-0.000000000000000
0.000000000000000
0.000000000000011
-0.000000000000000
0.000000000000341
-0.000000000000044
0.000000000000000
-0.000000000000014
-0.000000000000000
-0.000000000000000
0.000000000000000
0.000000000000000
0.000000000000000
0.000000000000000
0.000000000000000
0.000000000000000
0.000000000000000
0.000000000000057
0.000000000000000
-0.000000000000000
-0.000000000005571
0.000000000000000
0.000000000000000
-0.000000000000000
0.000000000000028
0.000000000000022
0.000000000000000
-0.000000000000011
0.000000000000078
-0.000000000000000
0.000000000000060
0.000000000000056
-0.000000000000000
0.000000000000000
-0.000000000000000
0.000000000000000
0.000000000000000
0.000000000000000
0.000000000000000
0.000000000000000
0.000000000000000
0.000000000000000
0.000000000000000
-0.000000000000007
0.000000000000000
0.000000000000000
0.000000000001137
-0.000000000000000
-0.000000000000000
0.000000000000067
0.000000000000000
-0.000000000000171
0.000000000000033
0.000000000000000
0.000000000000114
0.000000000000078
-0.000000000000000
0.000000000000000
-0.000000000000000
-0.000000000000000
-0.000000000000000
0.000000000000000
0.000000000000000
0.000000000000000
0.000000000000000
0.000000000000000
0.000000000000000
0.000000000000057
0.000000000000000
0.000000000000000
0.000000000005571
0.000000000000000
0.000000000000000
0.000000000000000
0.000000000000000
-0.000000000000078
0.000000000000000
0.000000000000016
-0.000000000000044
0.000000000000000
-0.000000000000050
-0.000000000000078
-0.000000000000000
-0.000000000000007
-0.000000000000000
-0.000000000000000
-0.000000000000000
0.000000000000000
0.000000000000000
0.000000000000000
0.000000000000000
0.000000000000000
0.000000000000000
0.000000000000014
0.000000000000000
0.000000000000000
0.000000000003098
-0.000000000000000
0.000000000000000
-0.000000000000033
0.000000000000000
0.000000000000057
-0.000000000000078
0.000000000000000
0.000000000000114
-0.000000000000033
0.000000000000000
0.000000000000014
0.000000000000000
0.000000000000000
0.000000000000000
0.000000000000000
0.000000000000000
0.000000000000000
0.000000000000000
0.000000000000000
0.000000000000000
0.000000000000114
-0.000000000000000
-0.000000000000000
0.000000000002046
-0.000000000000000
-0.000000000000000
0.000000000000000
0.000000000000014
0.000000000000100
-0.000000000000000
0.000000000000023
0.000000000000056
0.000000000000000
0.000000000000021
0.000000000000078
0.000000000000000
-0.000000000000004
-0.000000000000000
-0.000000000000000
0.000000000000000
0.000000000000000
0.000000000000000
0.000000000000000
0.000000000000000
0.000000000000000
0.000000000000000
0.000000000000021
0.000000000000000
-0.000000000000000
-0.000000000004974
-0.000000000000000
-0.000000000000000
0.000000000000067
0.000000000000000
-0.000000000000057
0.000000000000067
-0.000000000000000
0.000000000000114
0.000000000000022
-0.000000000000000
0.000000000000000
0.000000000000000
0.000000000000000
-0.000000000000000
0.000000000000000
0.000000000000000
0.000000000000000
0.000000000000000
0.000000000000000
0.000000000000000
-0.000000000000114
-0.000000000000000
-0.000000000000000
-0.000000000000568
0.000000000000000
-0.000000000000001
-0.000000000000000
0.000000000000014
-0.000000000000033
0.000000000000000
0.000000000000004
-0.000000000000011
0.000000000000000
0.000000000000032
-0.000000000000022
0.000000000000000
0.000000000000007
-0.000000000000000
-0.000000000000000
-0.000000000000000
0.000000000000000
0.000000000000000
0.000000000000000
0.000000000000000
0.000000000000000
0.000000000000000
0.000000000000007
0.000000000000000
0.000000000000000
-0.000000000004604
0.000000000000000
-0.000000000000000
0.000000000000033
0.000000000000000
0.000000000000114
-0.000000000000011
-0.000000000000001
0.000000000000341
0.000000000000044
0.000000000000000
0.000000000000057
0.000000000000000
0.000000000000000
0.000000000000000
0.000000000000000
0.000000000000000
0.000000000000000
0.000000000000000
0.000000000000000
0.000000000000000
0.000000000000000
0.000000000000000
0.000000000000000
0.000000000009777
0.000000000000000
0.000000000000000
-0.000000000000000
0.000000000000014
0.000000000000011
0.000000000000000
-0.000000000000011
0.000000000000011
0.000000000000000
-0.000000000000004
0.000000000000011
-0.000000000000000
0.000000000000007
-0.000000000000000
0.000000000000000
0.000000000000000
0.000000000000000
0.000000000000000
0.000000000000000
0.000000000000000
0.000000000000000
0.000000000000000
-0.000000000000043
-0.000000000000000
0.000000000000000
0.000000000002927
-0.000000000000001
-0.000000000000001
0.000000000000022
-0.000000000000001
0.000000000000171
0.000000000000022
0.000000000000000
0.000000000000114
0.000000000000056
-0.000000000000000
0.000000000000028
0.000000000000000
-0.000000000000000
0.000000000000000
0.000000000000000
0.000000000000000
0.000000000000000
0.000000000000000
0.000000000000000
0.000000000000000
0.000000000000000
0.000000000000000
0.000000000000001
0.000000000003638
0.000000000000000
0.000000000000000
-0.000000000000000
0.000000000000014
0.000000000000044
0.000000000000000
0.000000000000016
0.000000000000078
0.000000000000000
0.000000000000022
0.000000000000056
-0.000000000000000
0.000000000000014
-0.000000000000000
0.000000000000000
-0.000000000000000
0.000000000000000
0.000000000000000
0.000000000000000
0.000000000000000
0.000000000000000
0.000000000000000
0.000000000000000
0.000000000000000
0.000000000000000
0.000000000005826
-0.000000000000000
0.000000000000000
0.000000000000022
0.000000000000000
0.000000000000114
0.000000000000011
0.000000000000001
0.000000000000114
-0.000000000000033
0.000000000000000
0.000000000000028
-0.000000000000000
-0.000000000000000
-0.000000000000000
0.000000000000000
0.000000000000000
0.000000000000000
0.000000000000000
0.000000000000000
0.000000000000000
0.000000000000057
-0.000000000000000
0.000000000000000
0.000000000010004
-0.000000000000000
-0.000000000000000
0.000000000000000
0.000000000000000
-0.000000000000067
0.000000000000001
0.000000000000004
-0.000000000000044
0.000000000000001
0.000000000000110
0.000000000000000
0.000000000000001
-0.000000000000011
0.000000000000000
0.000000000000000
0.000000000000000
0.000000000000000
0.000000000000000
0.000000000000000
0.000000000000000
0.000000000000000
0.000000000000000
0.000000000000021
-0.000000000000000
0.000000000000000
-0.000000000003268
0.000000000000001
0.000000000000000
-0.000000000000067
-0.000000000000002
0.000000000000057
-0.000000000000067
0.000000000000000
0.000000000000000
-0.000000000000033
0.000000000000000
-0.000000000000028
0.000000000000000
0.000000000000000
0.000000000000000
0.000000000000000
0.000000000000000
0.000000000000000
0.000000000000000
0.000000000000000
0.000000000000000
0.000000000000000
-0.000000000000000
0.000000000000000
-0.000000000013415
-0.000000000000000
-0.000000000000000
0.000000000000000
0.000000000000014
0.000000000000089
0.000000000000000
0.000000000000000
0.000000000000056
0.000000000000000
0.000000000000034
0.000000000000044
-0.000000000000001
-0.000000000000004
-0.000000000000000
-0.000000000000000
-0.000000000000000
0.000000000000000
0.000000000000000
0.000000000000000
0.000000000000000
0.000000000000000
0.000000000000000
0.000000000000000
-0.000000000000000
-0.000000000000000
-0.000000000004007
-0.000000000000000
-0.000000000000000
0.000000000000022
-0.000000000000001
0.000000000000057
0.000000000000033
0.000000000000000
-0.000000000000227
0.000000000000044
0.000000000000000
-0.000000000000057
-0.000000000000000
-0.000000000000000
-0.000000000000000
0.000000000000000
0.000000000000000
0.000000000000000
0.000000000000000
0.000000000000000
0.000000000000000
0.000000000000114
-0.000000000000000
0.000000000000000
-0.000000000000796
-0.000000000000000
-0.000000000000000
-0.000000000000000
0.000000000000000
-0.000000000000022
-0.000000000000000
0.000000000000007
0.000000000000000
0.000000000000000
0.000000000000000
0.000000000000033
0.000000000000000
-0.000000000000007
0.000000000000000
0.000000000000000
0.000000000000000
0.000000000000000
0.000000000000000
0.000000000000000
0.000000000000000
0.000000000000000
0.000000000000000
0.000000000000021
-0.000000000000000
-0.000000000000000
-0.000000000001961
0.000000000000000
0.000000000000000
0.000000000000044
0.000000000000001
0.000000000000284
0.000000000000044
0.000000000000000
0.000000000000227
0.000000000000044
0.000000000000001
0.000000000000000
0.000000000000000
0.000000000000000
0.000000000000000
0.000000000000000
0.000000000000000
0.000000000000000
0.000000000000000
0.000000000000000
0.000000000000000
0.000000000000171
-0.000000000000000
-0.000000000000000
0.000000000005684
0.000000000000000
0.000000000000000
-0.000000000000000
0.000000000000028
-0.000000000000089
-0.000000000000000
0.000000000000011
-0.000000000000067
0.000000000000000
-0.000000000000074
-0.000000000000056
-0.000000000000000
0.000000000000004
0.000000000000000
0.000000000000000
-0.000000000000000
0.000000000000000
0.000000000000000
0.000000000000000
0.000000000000000
0.000000000000000
0.000000000000000
0.000000000000007
-0.000000000000000
0.000000000000000
-0.000000000004434
0.000000000000000
0.000000000000000
0.000000000000011
-0.000000000000001
0.000000000000057
0.000000000000011
0.000000000000000
0.000000000000114
0.000000000000044
-0.000000000000001
-0.000000000000028
-0.000000000000000
-0.000000000000000
-0.000000000000000
0.000000000000000
0.000000000000000
0.000000000000000
0.000000000000000
0.000000000000000
0.000000000000000
0.000000000000000
0.000000000000000
0.000000000000000
0.000000000005002
0.000000000000000
0.000000000000000
0.000000000000000
0.000000000000000
0.000000000000033
0.000000000000000
0.000000000000018
-0.000000000000011
0.000000000000001
0.000000000000071
0.000000000000000
-0.000000000000000
0.000000000000007
0.000000000000000
0.000000000000000
0.000000000000000
0.000000000000000
0.000000000000000
0.000000000000000
0.000000000000000
0.000000000000000
0.000000000000000
-0.000000000000014
-0.000000000000000
-0.000000000000000
0.000000000002728
0.000000000000000
0.000000000000000
-0.000000000000011
0.000000000000000
-0.000000000000114
-0.000000000000022
0.000000000000000
0.000000000000227
0.000000000000022
-0.000000000000001
0.000000000000000
0.000000000000000
-0.000000000000000
0.000000000000000
0.000000000000000
0.000000000000000
0.000000000000000
0.000000000000000
0.000000000000000
0.000000000000000
-0.000000000000114
0.000000000000000
-0.000000000000000
0.000000000007958
0.000000000000000
0.000000000000000
0.000000000000000
0.000000000000014
0.000000000000044
0.000000000000000
0.000000000000020
0.000000000000011
0.000000000000001
0.000000000000123
-0.000000000000022
0.000000000000000
-0.000000000000007
0.000000000000000
0.000000000000000
0.000000000000000
0.000000000000000
0.000000000000000
0.000000000000000
0.000000000000000
0.000000000000000
0.000000000000000
0.000000000000014
0.000000000000000
-0.000000000000000
-0.000000000000199
0.000000000000001
0.000000000000000
-0.000000000000033
0.000000000000002
0.000000000000000
-0.000000000000022
0.000000000000001
-0.000000000000114
-0.000000000000022
-0.000000000000001
-0.000000000000028
-0.000000000000000
0.000000000000000
-0.000000000000000
0.000000000000000
0.000000000000000
0.000000000000000
0.000000000000000
0.000000000000000
0.000000000000000
0.000000000000114
-0.000000000000000
-0.000000000000000
0.000000000009777
0.000000000000000
-0.000000000000000
0.000000000000000
0.000000000000000
-0.000000000000044
-0.000000000000000
0.000000000000009
-0.000000000000022
0.000000000000000
0.000000000000058
-0.000000000000033
0.000000000000000
-0.000000000000007
0.000000000000000
-0.000000000000000
-0.000000000000000
0.000000000000000
0.000000000000000
0.000000000000000
0.000000000000000
0.000000000000000
0.000000000000000
0.000000000000000
0.000000000000000
0.000000000000000
-0.000000000004604
0.000000000000000
0.000000000000000
-0.000000000000067
0.000000000000000
0.000000000000000
-0.000000000000022
-0.000000000000001
0.000000000000114
0.000000000000000
-0.000000000000002
0.000000000000000
0.000000000000000
0.000000000000000
0.000000000000000
0.000000000000000
0.000000000000000
0.000000000000000
0.000000000000000
0.000000000000000
0.000000000000000
-0.000000000000057
-0.000000000000000
-0.000000000000000
0.000000000013188
0.000000000000000
0.000000000000000
0.000000000000000
-0.000000000000014
0.000000000000011
0.000000000000000
-0.000000000000021
-0.000000000000044
0.000000000000001
-0.000000000000074
-0.000000000000022
-0.000000000000000
0.000000000000014
0.000000000000000
-0.000000000000000
0.000000000000000
0.000000000000000
0.000000000000000
0.000000000000000
0.000000000000000
0.000000000000000
0.000000000000000
0.000000000000014
0.000000000000000
0.000000000000000
-0.000000000005087
-0.000000000000000
0.000000000000000
-0.000000000000033
0.000000000000000
0.000000000000057
-0.000000000000044
0.000000000000001
-0.000000000000114
0.000000000000000
-0.000000000000001
0.000000000000028
0.000000000000000
0.000000000000000
0.000000000000000
0.000000000000000
0.000000000000000
0.000000000000000
0.000000000000000
0.000000000000000
0.000000000000000
0.000000000000057
0.000000000000000
0.000000000000000
0.000000000000796
0.000000000000000
0.000000000000000
0.000000000000000
0.000000000000014
-0.000000000000044
-0.000000000000001
0.000000000000018
0.000000000000022
0.000000000000000
0.000000000000163
0.000000000000033
0.000000000000001
0.000000000000000
0.000000000000000
0.000000000000000
0.000000000000000
0.000000000000000
0.000000000000000
0.000000000000000
0.000000000000000
0.000000000000000
0.000000000000000
0.000000000000028
-0.000000000000000
0.000000000000000
0.000000000003922
0.000000000000000
0.000000000000000
0.000000000000056
0.000000000000000
-0.000000000000114
0.000000000000033
-0.000000000000001
0.000000000000341
0.000000000000044
0.000000000000000
-0.000000000000028
-0.000000000000000
0.000000000000000
0.000000000000000
0.000000000000000
0.000000000000000
0.000000000000000
0.000000000000000
0.000000000000000
0.000000000000000
0.000000000000057
-0.000000000000000
0.000000000000000
0.000000000011369
0.000000000000000
0.000000000000000
0.000000000000000
-0.000000000000028
-0.000000000000022
0.000000000000000
0.000000000000023
-0.000000000000044
0.000000000000000
-0.000000000000009
-0.000000000000022
0.000000000000000
0.000000000000007
-0.000000000000000
-0.000000000000000
0.000000000000000
0.000000000000000
0.000000000000000
0.000000000000000
0.000000000000000
0.000000000000000
0.000000000000000
0.000000000000000
0.000000000000000
0.000000000000000
-0.000000000006082
-0.000000000000000
0.000000000000000
-0.000000000000022
0.000000000000000
0.000000000000000
0.000000000000011
0.000000000000001
0.000000000000000
-0.000000000000011
0.000000000000000
-0.000000000000028
-0.000000000000000
-0.000000000000000
-0.000000000000000
0.000000000000000
0.000000000000000
0.000000000000000
0.000000000000000
0.000000000000000
0.000000000000000
0.000000000000000
0.000000000000000
0.000000000000000
-0.000000000023647
-0.000000000000000
0.000000000000000
0.000000000000000
-0.000000000000043
-0.000000000000067
-0.000000000000000
-0.000000000000009
-0.000000000000067
0.000000000000000
0.000000000000006
-0.000000000000078
0.000000000000001
0.000000000000014
-0.000000000000000
-0.000000000000000
-0.000000000000000
0.000000000000000
0.000000000000000
0.000000000000000
0.000000000000000
0.000000000000000
0.000000000000000
0.000000000000028
0.000000000000000
0.000000000000000
-0.000000000002956
0.000000000000000
-0.000000000000000
-0.000000000000056
0.000000000000000
0.000000000000114
-0.000000000000044
0.000000000000001
0.000000000000341
-0.000000000000044
-0.000000000000001
-0.000000000000057
0.000000000000000
-0.000000000000000
-0.000000000000000
0.000000000000000
0.000000000000000
0.000000000000000
0.000000000000000
0.000000000000000
0.000000000000000
0.000000000000114
0.000000000000000
0.000000000000000
0.000000000020464
-0.000000000000000
0.000000000000000
0.000000000000000
-0.000000000000028
-0.000000000000011
-0.000000000000000
0.000000000000018
-0.000000000000033
-0.000000000000000
0.000000000000079
0.000000000000011
-0.000000000000000
0.000000000000011
-0.000000000000000
0.000000000000000
-0.000000000000000
0.000000000000000
0.000000000000000
0.000000000000000
0.000000000000000
0.000000000000000
0.000000000000000
0.000000000000028
-0.000000000000000
-0.000000000000000
-0.000000000007446
-0.000000000000000
-0.000000000000000
-0.000000000000033
0.000000000000001
0.000000000000000
-0.000000000000033
-0.000000000000002
0.000000000000114
-0.000000000000022
-0.000000000000001
0.000000000000028
0.000000000000000
0.000000000000000
0.000000000000000
0.000000000000000
0.000000000000000
0.000000000000000
0.000000000000000
0.000000000000000
0.000000000000000
0.000000000000114
-0.000000000000000
0.000000000000000
-0.000000000002615
-0.000000000000000
-0.000000000000000
0.000000000000000
-0.000000000000057
-0.000000000000022
0.000000000000000
0.000000000000020
-0.000000000000044
0.000000000000000
0.000000000000044
-0.000000000000044
0.000000000000000
0.000000000000014
0.000000000000000
0.000000000000000
0.000000000000000
0.000000000000000
0.000000000000000
0.000000000000000
0.000000000000000
0.000000000000000
0.000000000000000
0.000000000000014
0.000000000000000
-0.000000000000000
-0.000000000002785
-0.000000000000000
-0.000000000000000
0.000000000000011
0.000000000000002
0.000000000000000
-0.000000000000033
0.000000000000000
0.000000000000227
-0.000000000000078
0.000000000000001
0.000000000000000
0.000000000000000
-0.000000000000000
0.000000000000000
0.000000000000000
0.000000000000000
0.000000000000000
0.000000000000000
0.000000000000000
0.000000000000000
0.000000000000000
-0.000000000000000
0.000000000000000
-0.000000000008185
0.000000000000000
0.000000000000001
0.000000000000000
-0.000000000000014
0.000000000000044
0.000000000000000
-0.000000000000039
0.000000000000000
0.000000000000000
0.000000000000122
0.000000000000000
0.000000000000000
0.000000000000014
0.000000000000000
0.000000000000000
0.000000000000000
0.000000000000000
0.000000000000000
0.000000000000000
0.000000000000000
0.000000000000000
0.000000000000000
-0.000000000000057
0.000000000000000
0.000000000000000
-0.000000000000853
0.000000000000001
0.000000000000000
0.000000000000033
-0.000000000000001
-0.000000000000171
0.000000000000022
-0.000000000000002
0.000000000000227
0.000000000000033
0.000000000000000
0.000000000000085
0.000000000000000
0.000000000000000
-0.000000000000000
0.000000000000000
0.000000000000000
0.000000000000000
0.000000000000000
0.000000000000000
0.000000000000000
-0.000000000000227
0.000000000000000
0.000000000000000
-0.000000000019782
0.000000000000000
0.000000000000001
0.000000000000000
0.000000000000014
0.000000000000011
-0.000000000000000
0.000000000000004
0.000000000000011
0.000000000000001
0.000000000000072
0.000000000000000
0.000000000000001
-0.000000000000007
-0.000000000000000
0.000000000000000
-0.000000000000000
0.000000000000000
0.000000000000000
0.000000000000000
0.000000000000000
0.000000000000000
0.000000000000000
-0.000000000000028
-0.000000000000000
0.000000000000000
-0.000000000000057
-0.000000000000000
-0.000000000000000
-0.000000000000033
-0.000000000000001
0.000000000000000
0.000000000000000
0.000000000000000
0.000000000000000
0.000000000000000
-0.000000000000001
0.000000000000000
-0.000000000000000
0.000000000000000
0.000000000000000
0.000000000000000
0.000000000000000
0.000000000000000
0.000000000000000
0.000000000000000
0.000000000000000
-0.000000000000114
0.000000000000000
0.000000000000000
-0.000000000014779
-0.000000000000000
0.000000000000000
0.000000000000000
0.000000000000000
0.000000000000000
-0.000000000000001
0.000000000000014
0.000000000000011
0.000000000000001
-0.000000000000124
0.000000000000011
0.000000000000001
0.000000000000000
-0.000000000000000
0.000000000000000
0.000000000000000
0.000000000000000
0.000000000000000
0.000000000000000
0.000000000000000
0.000000000000000
0.000000000000000
0.000000000000028
-0.000000000000000
0.000000000000000
-0.000000000004036
-0.000000000000001
-0.000000000000000
0.000000000000033
-0.000000000000001
0.000000000000000
0.000000000000044
0.000000000000000
0.000000000000455
0.000000000000011
0.000000000000000
0.000000000000057
-0.000000000000000
-0.000000000000000
-0.000000000000000
0.000000000000000
0.000000000000000
0.000000000000000
0.000000000000000
0.000000000000000
0.000000000000000
-0.000000000000057
0.000000000000000
0.000000000000000
-0.000000000001478
-0.000000000000000
0.000000000000000
0.000000000000000
-0.000000000000014
-0.000000000000033
0.000000000000000
-0.000000000000043
-0.000000000000044
0.000000000000000
0.000000000000124
-0.000000000000022
0.000000000000000
0.000000000000000
-0.000000000000000
-0.000000000000000
-0.000000000000000
0.000000000000000
0.000000000000000
0.000000000000000
0.000000000000000
0.000000000000000
0.000000000000000
-0.000000000000028
-0.000000000000000
0.000000000000000
0.000000000001307
0.000000000000000
-0.000000000000000
0.000000000000044
-0.000000000000001
0.000000000000114
0.000000000000000
-0.000000000000001
0.000000000000568
0.000000000000022
0.000000000000001
-0.000000000000028
0.000000000000000
-0.000000000000000
-0.000000000000000
0.000000000000000
0.000000000000000
0.000000000000000
0.000000000000000
0.000000000000000
0.000000000000000
0.000000000000057
0.000000000000000
-0.000000000000000
-0.000000000009891
0.000000000000000
0.000000000000000
0.000000000000000
-0.000000000000014
0.000000000000011
-0.000000000000001
0.000000000000053
0.000000000000000
0.000000000000000
0.000000000000080
0.000000000000011
0.000000000000000
0.000000000000043
-0.000000000000000
-0.000000000000000
0.000000000000000
0.000000000000000
0.000000000000000
0.000000000000000
0.000000000000000
0.000000000000000
0.000000000000000
0.000000000000028
0.000000000000000
0.000000000000000
0.000000000000682
0.000000000000000
0.000000000000000
0.000000000000000
0.000000000000000
-0.000000000000171
0.000000000000022
-0.000000000000002
-0.000000000000227
-0.000000000000033
0.000000000000000
0.000000000000000
0.000000000000000
0.000000000000000
0.000000000000000
0.000000000000000
0.000000000000000
0.000000000000000
0.000000000000000
0.000000000000000
0.000000000000000
-0.000000000000227
0.000000000000000
0.000000000000000
0.000000000006594
0.000000000000000
-0.000000000000001
-0.000000000000000
0.000000000000014
-0.000000000000011
-0.000000000000000
0.000000000000018
0.000000000000000
0.000000000000000
-0.000000000000060
0.000000000000000
0.000000000000001
0.000000000000007
-0.000000000000000
-0.000000000000000
0.000000000000000
0.000000000000000
0.000000000000000
0.000000000000000
0.000000000000000
0.000000000000000
0.000000000000000
0.000000000000000
0.000000000000000
0.000000000000000
0.000000000000909
-0.000000000000001
-0.000000000000000
-0.000000000000044
-0.000000000000001
0.000000000000057
-0.000000000000011
0.000000000000001
0.000000000000455
0.000000000000033
0.000000000000002
-0.000000000000057
-0.000000000000000
-0.000000000000000
0.000000000000000
0.000000000000000
0.000000000000000
0.000000000000000
0.000000000000000
0.000000000000000
0.000000000000000
0.000000000000057
0.000000000000000
0.000000000000000
-0.000000000019554
-0.000000000000000
0.000000000000000
0.000000000000000
-0.000000000000014
-0.000000000000033
0.000000000000000
-0.000000000000011
-0.000000000000044
0.000000000000000
-0.000000000000062
-0.000000000000022
-0.000000000000001
0.000000000000000
-0.000000000000000
0.000000000000000
-0.000000000000000
0.000000000000000
0.000000000000000
0.000000000000000
0.000000000000000
0.000000000000000
0.000000000000000
0.000000000000028
0.000000000000000
-0.000000000000000
0.000000000001023
0.000000000000000
-0.000000000000000
0.000000000000022
0.000000000000000
0.000000000000000
-0.000000000000022
0.000000000000001
-0.000000000000568
-0.000000000000022
0.000000000000002
-0.000000000000028
-0.000000000000000
0.000000000000000
-0.000000000000000
0.000000000000000
0.000000000000000
0.000000000000000
0.000000000000000
0.000000000000000
0.000000000000000
0.000000000000171
0.000000000000000
0.000000000000000
-0.000000000005912
0.000000000000000
-0.000000000000000
0.000000000000000
-0.000000000000028
-0.000000000000011
0.000000000000000
0.000000000000011
0.000000000000022
0.000000000000001
0.000000000000045
0.000000000000033
0.000000000000001
0.000000000000000
0.000000000000000
0.000000000000000
-0.000000000000000
0.000000000000000
0.000000000000000
0.000000000000000
0.000000000000000
0.000000000000000
0.000000000000000
-0.000000000000028
-0.000000000000000
-0.000000000000000
0.000000000002842
-0.000000000000000
-0.000000000000000
-0.000000000000022
0.000000000000000
0.000000000000057
0.000000000000022
-0.000000000000001
0.000000000000455
0.000000000000011
0.000000000000000
0.000000000000028
0.000000000000000
0.000000000000000
0.000000000000000
0.000000000000000
0.000000000000000
0.000000000000000
0.000000000000000
0.000000000000000
0.000000000000000
-0.000000000000114
0.000000000000000
-0.000000000000000
-0.000000000015461
0.000000000000000
0.000000000000000
0.000000000000000
-0.000000000000043
0.000000000000056
0.000000000000001
0.000000000000014
0.000000000000044
0.000000000000000
-0.000000000000066
0.000000000000067
0.000000000000001
0.000000000000014
0.000000000000000
0.000000000000000
0.000000000000000
0.000000000000000
0.000000000000000
0.000000000000000
0.000000000000000
0.000000000000000
0.000000000000000
0.000000000000000
0.000000000000000
0.000000000000000
0.000000000003354
0.000000000000000
0.000000000000000
0.000000000000033
-0.000000000000001
0.000000000000114
0.000000000000011
0.000000000000001
0.000000000000227
0.000000000000000
0.000000000000001
-0.000000000000057
-0.000000000000000
-0.000000000000000
-0.000000000000000
0.000000000000000
0.000000000000000
0.000000000000000
0.000000000000000
0.000000000000000
0.000000000000000
0.000000000000284
0.000000000000000
0.000000000000000
-0.000000000005230
-0.000000000000000
0.000000000000000
0.000000000000000
0.000000000000000
0.000000000000056
0.000000000000000
-0.000000000000007
-0.000000000000011
0.000000000000001
-0.000000000000239
-0.000000000000011
0.000000000000000
-0.000000000000007
-0.000000000000000
-0.000000000000000
-0.000000000000000
0.000000000000000
0.000000000000000
0.000000000000000
0.000000000000000
0.000000000000000
0.000000000000000
0.000000000000043
0.000000000000000
0.000000000000000
0.000000000001478
-0.000000000000000
-0.000000000000000
-0.000000000000011
-0.000000000000001
0.000000000000000
0.000000000000044
0.000000000000000
-0.000000000000227
0.000000000000011
-0.000000000000002
0.000000000000028
0.000000000000000
0.000000000000000
0.000000000000000
0.000000000000000
0.000000000000000
0.000000000000000
0.000000000000000
0.000000000000000
0.000000000000000
0.000000000000057
-0.000000000000000
-0.000000000000000
-0.000000000012278
0.000000000000001
0.000000000000000
-0.000000000000000
0.000000000000057
0.000000000000033
0.000000000000000
0.000000000000057
0.000000000000067
0.000000000000001
0.000000000000141
0.000000000000056
0.000000000000001
0.000000000000028
0.000000000000000
0.000000000000000
0.000000000000000
0.000000000000000
0.000000000000000
0.000000000000000
0.000000000000000
0.000000000000000
0.000000000000000
0.000000000000000
-0.000000000000000
-0.000000000000000
-0.000000000002728
0.000000000000001
0.000000000000000
0.000000000000033
0.000000000000001
-0.000000000000284
-0.000000000000011
0.000000000000000
0.000000000000455
-0.000000000000022
0.000000000000003
0.000000000000085
0.000000000000000
-0.000000000000000
-0.000000000000000
0.000000000000000
0.000000000000000
0.000000000000000
0.000000000000000
0.000000000000000
0.000000000000000
-0.000000000000171
0.000000000000000
0.000000000000000
-0.000000000008413
0.000000000000000
-0.000000000000000
0.000000000000000
0.000000000000028
-0.000000000000011
-0.000000000000000
0.000000000000039
-0.000000000000011
0.000000000000000
0.000000000000279
-0.000000000000033
0.000000000000001
-0.000000000000007
-0.000000000000000
0.000000000000000
-0.000000000000000
0.000000000000000
0.000000000000000
0.000000000000000
0.000000000000000
0.000000000000000
0.000000000000000
0.000000000000000
0.000000000000000
0.000000000000000
0.000000000005343
0.000000000000000
-0.000000000000000
0.000000000000022
-0.000000000000001
-0.000000000000057
0.000000000000044
-0.000000000000001
0.000000000000909
0.000000000000044
-0.000000000000002
0.000000000000028
-0.000000000000000
-0.000000000000000
-0.000000000000000
0.000000000000000
0.000000000000000
0.000000000000000
0.000000000000000
0.000000000000000
0.000000000000000
0.000000000000114
0.000000000000000
0.000000000000000
-0.000000000004547
0.000000000000000
0.000000000000000
0.000000000000000
-0.000000000000057
-0.000000000000078
0.000000000000001
-0.000000000000007
-0.000000000000033
0.000000000000002
0.000000000000099
-0.000000000000033
0.000000000000000
0.000000000000000
0.000000000000000
0.000000000000000
-0.000000000000000
0.000000000000000
0.000000000000000
0.000000000000000
0.000000000000000
0.000000000000000
0.000000000000000
-0.000000000000014
-0.000000000000000
0.000000000000000
0.000000000004377
-0.000000000000000
0.000000000000000
-0.000000000000022
-0.000000000000001
0.000000000000171
-0.000000000000044
0.000000000000001
-0.000000000000227
-0.000000000000033
0.000000000000000
-0.000000000000142
-0.000000000000000
-0.000000000000000
-0.000000000000000
0.000000000000000
0.000000000000000
0.000000000000000
0.000000000000000
0.000000000000000
0.000000000000000
0.000000000000341
-0.000000000000000
-0.000000000000000
0.000000000003638
-0.000000000000001
-0.000000000000000
0.000000000000000
-0.000000000000028
0.000000000000044
-0.000000000000000
-0.000000000000007
0.000000000000022
0.000000000000001
0.000000000000177
0.000000000000011
0.000000000000001
0.000000000000021
0.000000000000000
-0.000000000000000
0.000000000000000
0.000000000000000
0.000000000000000
0.000000000000000
0.000000000000000
0.000000000000000
0.000000000000000
-0.000000000000014
0.000000000000000
0.000000000000000
-0.000000000000171
0.000000000000000
-0.000000000000000
0.000000000000033
0.000000000000000
0.000000000000000
0.000000000000011
0.000000000000000
0.000000000000227
0.000000000000044
0.000000000000001
0.000000000000000
0.000000000000000
0.000000000000000
0.000000000000000
0.000000000000000
0.000000000000000
0.000000000000000
0.000000000000000
0.000000000000000
0.000000000000000
-0.000000000000227
0.000000000000000
0.000000000000000
-0.000000000008413
0.000000000000000
0.000000000000001
-0.000000000000000
0.000000000000028
0.000000000000022
-0.000000000000002
-0.000000000000021
0.000000000000011
0.000000000000000
0.000000000000248
0.000000000000000
-0.000000000000000
0.000000000000000
0.000000000000000
0.000000000000000
-0.000000000000000
0.000000000000000
0.000000000000000
0.000000000000000
0.000000000000000
0.000000000000000
0.000000000000000
-0.000000000000014
-0.000000000000000
0.000000000000000
0.000000000000114
0.000000000000001
0.000000000000000
-0.000000000000067
-0.000000000000001
-0.000000000000114
-0.000000000000044
0.000000000000000
-0.000000000000455
-0.000000000000022
0.000000000000000
-0.000000000000114
0.000000000000000
0.000000000000000
0.000000000000000
0.000000000000000
0.000000000000000
0.000000000000000
0.000000000000000
0.000000000000000
0.000000000000000
-0.000000000000227
0.000000000000000
-0.000000000000000
-0.000000000037289
0.000000000000000
-0.000000000000000
-0.000000000000000
0.000000000000057
-0.000000000000011
0.000000000000000
0.000000000000011
-0.000000000000022
-0.000000000000001
0.000000000000032
-0.000000000000033
0.000000000000000
-0.000000000000014
0.000000000000000
0.000000000000000
0.000000000000000
0.000000000000000
0.000000000000000
0.000000000000000
0.000000000000000
0.000000000000000
0.000000000000000
0.000000000000057
-0.000000000000000
-0.000000000000000
0.000000000005286
-0.000000000000000
0.000000000000000
0.000000000000000
-0.000000000000001
-0.000000000000114
-0.000000000000011
-0.000000000000001
0.000000000000227
-0.000000000000022
0.000000000000000
-0.000000000000057
0.000000000000000
-0.000000000000000
0.000000000000000
0.000000000000000
0.000000000000000
0.000000000000000
0.000000000000000
0.000000000000000
0.000000000000000
-0.000000000000227
-0.000000000000000
0.000000000000000
-0.000000000007958
-0.000000000000000
-0.000000000000001
0.000000000000000
-0.000000000000028
0.000000000000033
-0.000000000000001
-0.000000000000007
-0.000000000000033
0.000000000000000
-0.000000000000041
-0.000000000000056
0.000000000000001
-0.000000000000021
0.000000000000000
0.000000000000000
-0.000000000000000
0.000000000000000
0.000000000000000
0.000000000000000
0.000000000000000
0.000000000000000
0.000000000000000
-0.000000000000028
0.000000000000000
0.000000000000000
-0.000000000001592
0.000000000000000
0.000000000000000
-0.000000000000067
0.000000000000002
-0.000000000000114
-0.000000000000067
-0.000000000000001
0.000000000000909
-0.000000000000044
0.000000000000000
0.000000000000028
-0.000000000000000
-0.000000000000000
-0.000000000000000
0.000000000000000
0.000000000000000
0.000000000000000
0.000000000000000
0.000000000000000
0.000000000000000
0.000000000000227
0.000000000000000
0.000000000000000
0.000000000002046
0.000000000000000
0.000000000000001
0.000000000000000
-0.000000000000028
0.000000000000033
0.000000000000000
-0.000000000000060
0.000000000000056
0.000000000000002
-0.000000000000020
0.000000000000044
0.000000000000001
0.000000000000021
0.000000000000000
0.000000000000000
0.000000000000000
0.000000000000000
0.000000000000000
0.000000000000000
0.000000000000000
0.000000000000000
0.000000000000000
-0.000000000000071
-0.000000000000000
-0.000000000000000
-0.000000000007674
-0.000000000000001
-0.000000000000000
0.000000000000067
0.000000000000002
-0.000000000000341
0.000000000000089
0.000000000000000
0.000000000000455
0.000000000000089
-0.000000000000002
-0.000000000000057
0.000000000000000
0.000000000000000
0.000000000000000
0.000000000000000
0.000000000000000
0.000000000000000
0.000000000000000
0.000000000000000
0.000000000000000
-0.000000000000114
-0.000000000000000
-0.000000000000000
-0.000000000011596
-0.000000000000000
-0.000000000000000
-0.000000000000000
0.000000000000085
-0.000000000000067
0.000000000000000
-0.000000000000007
-0.000000000000056
0.000000000000000
-0.000000000000097
-0.000000000000033
0.000000000000000
-0.000000000000028
0.000000000000000
0.000000000000000
0.000000000000000
0.000000000000000
0.000000000000000
0.000000000000000
0.000000000000000
0.000000000000000
0.000000000000000
0.000000000000028
0.000000000000000
0.000000000000000
0.000000000003183
-0.000000000000000
0.000000000000000
0.000000000000000
-0.000000000000001
0.000000000000227
-0.000000000000022
-0.000000000000002
-0.000000000000455
0.000000000000011
0.000000000000001
-0.000000000000142
0.000000000000000
0.000000000000000
0.000000000000000
0.000000000000000
0.000000000000000
0.000000000000000
0.000000000000000
0.000000000000000
0.000000000000000
0.000000000000114
0.000000000000000
0.000000000000000
0.000000000000682
-0.000000000000000
0.000000000000000
0.000000000000000
0.000000000000000
0.000000000000044
-0.000000000000002
0.000000000000021
0.000000000000044
0.000000000000000
0.000000000000075
0.000000000000056
-0.000000000000002
0.000000000000021
-0.000000000000000
-0.000000000000000
-0.000000000000000
0.000000000000000
0.000000000000000
0.000000000000000
0.000000000000000
0.000000000000000
0.000000000000000
0.000000000000028
0.000000000000000
0.000000000000000
0.000000000007674
0.000000000000000
0.000000000000000
0.000000000000000
0.000000000000002
0.000000000000000
-0.000000000000067
0.000000000000002
-0.000000000001137
-0.000000000000033
-0.000000000000001
-0.000000000000114
0.000000000000000
0.000000000000000
0.000000000000000
0.000000000000000
0.000000000000000
0.000000000000000
0.000000000000000
0.000000000000000
0.000000000000000
0.000000000000227
0.000000000000000
-0.000000000000000
0.000000000003183
0.000000000000000
0.000000000000000
0.000000000000000
0.000000000000028
-0.000000000000044
0.000000000000001
-0.000000000000028
-0.000000000000033
0.000000000000001
-0.000000000000078
-0.000000000000067
0.000000000000001
-0.000000000000021
0.000000000000000
0.000000000000000
-0.000000000000000
0.000000000000000
0.000000000000000
0.000000000000000
0.000000000000000
0.000000000000000
0.000000000000000
-0.000000000000014
0.000000000000000
0.000000000000000
-0.000000000001023
0.000000000000000
0.000000000000000
0.000000000000011
-0.000000000000001
0.000000000000114
-0.000000000000011
-0.000000000000002
0.000000000001137
-0.000000000000011
0.000000000000000
-0.000000000000028
-0.000000000000000
-0.000000000000000
-0.000000000000000
0.000000000000000
0.000000000000000
0.000000000000000
0.000000000000000
0.000000000000000
0.000000000000000
0.000000000000227
-0.000000000000000
-0.000000000000000
-0.000000000007049
0.000000000000000
0.000000000000001
0.000000000000000
0.000000000000000
-0.000000000000022
0.000000000000000
0.000000000000032
0.000000000000022
0.000000000000001
0.000000000000069
0.000000000000044
-0.000000000000001
0.000000000000000
0.000000000000000
0.000000000000000
0.000000000000000
0.000000000000000
0.000000000000000
0.000000000000000
0.000000000000000
0.000000000000000
0.000000000000000
-0.000000000000014
0.000000000000000
0.000000000000000
0.000000000001137
0.000000000000000
-0.000000000000000
0.000000000000000
0.000000000000000
0.000000000000000
0.000000000000022
0.000000000000001
0.000000000000227
0.000000000000000
0.000000000000002
0.000000000000114
0.000000000000000
-0.000000000000000
-0.000000000000000
0.000000000000000
0.000000000000000
0.000000000000000
0.000000000000000
0.000000000000000
0.000000000000000
0.000000000000000
-0.000000000000000
-0.000000000000000
-0.000000000001137
0.000000000000000
-0.000000000000000
-0.000000000000000
0.000000000000028
0.000000000000044
0.000000000000000
0.000000000000039
0.000000000000022
0.000000000000000
0.000000000000092
0.000000000000022
0.000000000000000
-0.000000000000007
0.000000000000000
0.000000000000000
0.000000000000000
0.000000000000000
0.000000000000000
0.000000000000000
0.000000000000000
0.000000000000000
0.000000000000000
0.000000000000014
0.000000000000000
0.000000000000000
0.000000000006310
0.000000000000000
0.000000000000000
-0.000000000000022
-0.000000000000001
0.000000000000000
0.000000000000011
-0.000000000000001
-0.000000000000455
0.000000000000000
0.000000000000000
-0.000000000000085
0.000000000000000
0.000000000000000
0.000000000000000
0.000000000000000
0.000000000000000
0.000000000000000
0.000000000000000
0.000000000000000
0.000000000000000
-0.000000000000568
-0.000000000000000
-0.000000000000000
-0.000000000011369
-0.000000000000000
-0.000000000000001
0.000000000000000
-0.000000000000057
-0.000000000000022
0.000000000000000
0.000000000000000
0.000000000000022
0.000000000000000
-0.000000000000286
-0.000000000000011
0.000000000000001
-0.000000000000007
-0.000000000000000
-0.000000000000000
-0.000000000000000
0.000000000000000
0.000000000000000
0.000000000000000
0.000000000000000
0.000000000000000
0.000000000000000
0.000000000000028
0.000000000000000
0.000000000000000
0.000000000002785
0.000000000000000
0.000000000000000
-0.000000000000022
-0.000000000000001
-0.000000000000114
-0.000000000000011
0.000000000000002
-0.000000000000455
-0.000000000000011
-0.000000000000001
-0.000000000000057
-0.000000000000000
-0.000000000000000
0.000000000000000
0.000000000000000
0.000000000000000
0.000000000000000
0.000000000000000
0.000000000000000
0.000000000000000
-0.000000000000114
0.000000000000000
-0.000000000000000
-0.000000000004093
-0.000000000000000
-0.000000000000000
-0.000000000000000
0.000000000000028
0.000000000000000
0.000000000000001
0.000000000000028
0.000000000000000
0.000000000000001
-0.000000000000085
0.000000000000000
0.000000000000000
-0.000000000000021
0.000000000000000
0.000000000000000
-0.000000000000000
0.000000000000000
0.000000000000000
0.000000000000000
0.000000000000000
0.000000000000000
0.000000000000000
0.000000000000057
0.000000000000000
0.000000000000000
0.000000000009152
0.000000000000000
0.000000000000000
0.000000000000033
-0.000000000000001
0.000000000000227
0.000000000000000
0.000000000000000
0.000000000000455
-0.000000000000022
0.000000000000002
0.000000000000000
0.000000000000000
-0.000000000000000
-0.000000000000000
0.000000000000000
0.000000000000000
0.000000000000000
0.000000000000000
0.000000000000000
0.000000000000000
0.000000000000341
0.000000000000000
-0.000000000000000
-0.000000000009322
-0.000000000000000
0.000000000000000
0.000000000000000
-0.000000000000028
0.000000000000000
0.000000000000001
0.000000000000068
0.000000000000033
0.000000000000002
-0.000000000000203
-0.000000000000044
0.000000000000000
0.000000000000014
-0.000000000000000
0.000000000000000
0.000000000000000
0.000000000000000
0.000000000000000
0.000000000000000
0.000000000000000
0.000000000000000
0.000000000000000
0.000000000000043
-0.000000000000000
0.000000000000000
-0.000000000001251
-0.000000000000000
-0.000000000000000
-0.000000000000022
0.000000000000002
0.000000000000114
-0.000000000000011
-0.000000000000002
0.000000000000455
-0.000000000000011
0.000000000000002
-0.000000000000114
0.000000000000000
0.000000000000000
0.000000000000000
0.000000000000000
0.000000000000000
0.000000000000000
0.000000000000000
0.000000000000000
0.000000000000000
-0.000000000000114
0.000000000000000
0.000000000000000
-0.000000000020236
-0.000000000000000
0.000000000000000
0.000000000000000
0.000000000000000
-0.000000000000011
-0.000000000000001
-0.000000000000039
-0.000000000000011
0.000000000000001
0.000000000000029
0.000000000000011
0.000000000000000
-0.000000000000014
-0.000000000000000
-0.000000000000000
-0.000000000000000
0.000000000000000
0.000000000000000
0.000000000000000
0.000000000000000
0.000000000000000
0.000000000000000
-0.000000000000028
-0.000000000000000
0.000000000000000
-0.000000000005912
-0.000000000000000
-0.000000000000000
0.000000000000022
-0.000000000000001
0.000000000000000
0.000000000000067
0.000000000000004
-0.000000000000455
0.000000000000011
0.000000000000001
0.000000000000057
0.000000000000000
-0.000000000000000
-0.000000000000000
0.000000000000000
0.000000000000000
0.000000000000000
0.000000000000000
0.000000000000000
0.000000000000000
-0.000000000000227
0.000000000000000
0.000000000000000
0.000000000008868
-0.000000000000000
-0.000000000000001
0.000000000000000
0.000000000000000
0.000000000000044
0.000000000000002
-0.000000000000028
0.000000000000000
0.000000000000001
0.000000000000044
0.000000000000011
0.000000000000000
0.000000000000014
0.000000000000000
0.000000000000000
0.000000000000000
0.000000000000000
0.000000000000000
0.000000000000000
0.000000000000000
0.000000000000000
0.000000000000000
-0.000000000000057
0.000000000000000
0.000000000000000
0.000000000003695
0.000000000000000
-0.000000000000000
0.000000000000033
-0.000000000000002
-0.000000000000455
-0.000000000000011
-0.000000000000002
0.000000000000000
0.000000000000033
0.000000000000000
-0.000000000000114
-0.000000000000000
0.000000000000000
-0.000000000000000
0.000000000000000
0.000000000000000
0.000000000000000
0.000000000000000
0.000000000000000
0.000000000000000
-0.000000000000455
-0.000000000000000
-0.000000000000000
-0.000000000059572
-0.000000000000000
-0.000000000000001
-0.000000000000000
0.000000000000028
-0.000000000000044
0.000000000000001
-0.000000000000053
-0.000000000000011
0.000000000000001
-0.000000000000077
-0.000000000000022
0.000000000000001
-0.000000000000043
0.000000000000000
0.000000000000000
0.000000000000000
0.000000000000000
0.000000000000000
0.000000000000000
0.000000000000000
0.000000000000000
0.000000000000000
-0.000000000000028
0.000000000000000
0.000000000000000
-0.000000000005855
0.000000000000000
0.000000000000000
-0.000000000000022
0.000000000000000
0.000000000000227
-0.000000000000033
0.000000000000002
0.000000000000227
-0.000000000000033
0.000000000000005
-0.000000000000114
0.000000000000000
-0.000000000000000
0.000000000000000
0.000000000000000
0.000000000000000
0.000000000000000
0.000000000000000
0.000000000000000
0.000000000000000
0.000000000000000
0.000000000000000
-0.000000000000000
0.000000000007276
0.000000000000000
0.000000000000001
0.000000000000000
0.000000000000000
0.000000000000000
0.000000000000002
-0.000000000000007
0.000000000000011
0.000000000000001
-0.000000000000113
0.000000000000000
0.000000000000000
-0.000000000000007
0.000000000000000
-0.000000000000000
0.000000000000000
0.000000000000000
0.000000000000000
0.000000000000000
0.000000000000000
0.000000000000000
0.000000000000000
0.000000000000000
0.000000000000000
0.000000000000000
0.000000000000568
-0.000000000000000
0.000000000000000
-0.000000000000033
-0.000000000000002
0.000000000000227
0.000000000000000
0.000000000000002
0.000000000000682
0.000000000000022
0.000000000000000
-0.000000000000057
0.000000000000000
-0.000000000000000
-0.000000000000000
0.000000000000000
0.000000000000000
0.000000000000000
0.000000000000000
0.000000000000000
0.000000000000000
0.000000000000000
0.000000000000000
0.000000000000000
0.000000000007731
0.000000000000001
0.000000000000000
0.000000000000000
0.000000000000000
0.000000000000033
-0.000000000000001
-0.000000000000036
0.000000000000022
-0.000000000000003
0.000000000000012
0.000000000000022
0.000000000000000
0.000000000000007
-0.000000000000000
-0.000000000000000
0.000000000000000
0.000000000000000
0.000000000000000
0.000000000000000
0.000000000000000
0.000000000000000
0.000000000000000
-0.000000000000057
0.000000000000000
0.000000000000000
0.000000000006366
0.000000000000000
0.000000000000000
0.000000000000044
0.000000000000004
0.000000000000000
0.000000000000011
0.000000000000005
-0.000000000001137
0.000000000000022
0.000000000000004
0.000000000000000
0.000000000000000
0.000000000000000
-0.000000000000000
0.000000000000000
0.000000000000000
0.000000000000000
0.000000000000000
0.000000000000000
0.000000000000000
-0.000000000000114
-0.000000000000000
-0.000000000000000
0.000000000018872
0.000000000000000
-0.000000000000001
-0.000000000000000
0.000000000000057
-0.000000000000033
-0.000000000000001
-0.000000000000004
-0.000000000000033
-0.000000000000001
0.000000000000160
-0.000000000000044
-0.000000000000001
0.000000000000021
-0.000000000000000
-0.000000000000000
-0.000000000000000
0.000000000000000
0.000000000000000
0.000000000000000
0.000000000000000
0.000000000000000
0.000000000000000
0.000000000000000
-0.000000000000000
0.000000000000000
-0.000000000000909
0.000000000000000
0.000000000000000
0.000000000000056
0.000000000000002
-0.000000000000227
-0.000000000000033
-0.000000000000002
0.000000000000455
0.000000000000000
0.000000000000002
0.000000000000057
0.000000000000000
0.000000000000000
0.000000000000000
0.000000000000000
0.000000000000000
0.000000000000000
0.000000000000000
0.000000000000000
0.000000000000000
-0.000000000000682
0.000000000000000
-0.000000000000000
-0.000000000022965
0.000000000000000
0.000000000000000
0.000000000000000
0.000000000000000
0.000000000000011
0.000000000000000
0.000000000000071
0.000000000000056
0.000000000000000
-0.000000000000052
0.000000000000033
-0.000000000000001
0.000000000000000
0.000000000000000
0.000000000000000
0.000000000000000
0.000000000000000
0.000000000000000
0.000000000000000
0.000000000000000
0.000000000000000
0.000000000000000
-0.000000000000028
0.000000000000000
0.000000000000000
-0.000000000005457
0.000000000000000
0.000000000000000
0.000000000000033
0.000000000000000
-0.000000000000114
0.000000000000033
0.000000000000000
0.000000000000227
0.000000000000022
0.000000000000002
-0.000000000000057
0.000000000000000
-0.000000000000000
0.000000000000000
0.000000000000000
0.000000000000000
0.000000000000000
0.000000000000000
0.000000000000000
0.000000000000000
0.000000000000000
0.000000000000000
0.000000000000000
-0.000000000001592
-0.000000000000000
0.000000000000000
-0.000000000000000
0.000000000000057
-0.000000000000011
0.000000000000003
0.000000000000021
-0.000000000000033
0.000000000000000
0.000000000000094
-0.000000000000056
-0.000000000000002
-0.000000000000028
0.000000000000000
0.000000000000000
0.000000000000000
0.000000000000000
0.000000000000000
0.000000000000000
0.000000000000000
0.000000000000000
0.000000000000000
0.000000000000057
0.000000000000000
0.000000000000000
-0.000000000002387
0.000000000000000
0.000000000000000
-0.000000000000056
0.000000000000002
0.000000000000455
-0.000000000000067
0.000000000000002
0.000000000001592
-0.000000000000056
0.000000000000004
-0.000000000000114
-0.000000000000000
-0.000000000000000
-0.000000000000000
0.000000000000000
0.000000000000000
0.000000000000000
0.000000000000000
0.000000000000000
0.000000000000000
0.000000000000455
0.000000000000000
0.000000000000000
0.000000000008413
-0.000000000000000
0.000000000000000
0.000000000000000
-0.000000000000057
0.000000000000022
0.000000000000001
0.000000000000046
-0.000000000000022
-0.000000000000001
0.000000000000298
0.000000000000022
-0.000000000000001
0.000000000000000
-0.000000000000000
-0.000000000000000
0.000000000000000
0.000000000000000
0.000000000000000
0.000000000000000
0.000000000000000
0.000000000000000
0.000000000000000
0.000000000000028
-0.000000000000000
-0.000000000000000
-0.000000000009550
0.000000000000000
-0.000000000000000
0.000000000000044
0.000000000000000
0.000000000000000
0.000000000000067
0.000000000000000
-0.000000000000682
0.000000000000056
0.000000000000000
0.000000000000000
0.000000000000000
0.000000000000000
0.000000000000000
0.000000000000000
0.000000000000000
0.000000000000000
0.000000000000000
0.000000000000000
0.000000000000000
-0.000000000000341
0.000000000000000
-0.000000000000000
-0.000000000050932
-0.000000000000000
-0.000000000000000
0.000000000000000
0.000000000000000
0.000000000000000
0.000000000000001
0.000000000000046
-0.000000000000011
0.000000000000000
-0.000000000000063
0.000000000000000
0.000000000000000
-0.000000000000014
0.000000000000000
0.000000000000000
0.000000000000000
0.000000000000000
0.000000000000000
0.000000000000000
0.000000000000000
0.000000000000000
0.000000000000000
0.000000000000057
-0.000000000000000
0.000000000000000
-0.000000000003865
0.000000000000001
0.000000000000000
0.000000000000000
-0.000000000000002
-0.000000000000341
0.000000000000000
-0.000000000000002
0.000000000001364
-0.000000000000011
0.000000000000000
-0.000000000000284
-0.000000000000000
-0.000000000000000
0.000000000000000
0.000000000000000
0.000000000000000
0.000000000000000
0.000000000000000
0.000000000000000
0.000000000000000
0.000000000000341
0.000000000000000
0.000000000000000
0.000000000024329
-0.000000000000000
0.000000000000000
-0.000000000000000
0.000000000000028
0.000000000000000
0.000000000000003
-0.000000000000068
0.000000000000033
0.000000000000002
-0.000000000000259
0.000000000000033
0.000000000000000
0.000000000000014
-0.000000000000000
-0.000000000000000
-0.000000000000000
0.000000000000000
0.000000000000000
0.000000000000000
0.000000000000000
0.000000000000000
0.000000000000000
-0.000000000000057
-0.000000000000000
-0.000000000000000
-0.000000000013301
-0.000000000000000
-0.000000000000000
-0.000000000000022
0.000000000000005
0.000000000000114
-0.000000000000022
0.000000000000002
-0.000000000000227
0.000000000000000
0.000000000000005
0.000000000000114
0.000000000000000
-0.000000000000000
-0.000000000000000
0.000000000000000
0.000000000000000
0.000000000000000
0.000000000000000
0.000000000000000
0.000000000000000
0.000000000000114
-0.000000000000000
0.000000000000000
-0.000000000003865
0.000000000000000
-0.000000000000000
0.000000000000000
0.000000000000028
0.000000000000056
0.000000000000000
-0.000000000000025
0.000000000000033
0.000000000000001
-0.000000000000179
0.000000000000044
0.000000000000000
-0.000000000000014
-0.000000000000000
0.000000000000000
0.000000000000000
0.000000000000000
0.000000000000000
0.000000000000000
0.000000000000000
0.000000000000000
0.000000000000000
0.000000000000057
0.000000000000000
0.000000000000000
-0.000000000003638
-0.000000000000000
0.000000000000000
0.000000000000033
-0.000000000000005
0.000000000000114
0.000000000000044
-0.000000000000002
0.000000000000227
0.000000000000033
-0.000000000000004
0.000000000000057
0.000000000000000
0.000000000000000
0.000000000000000
0.000000000000000
0.000000000000000
0.000000000000000
0.000000000000000
0.000000000000000
0.000000000000000
-0.000000000000114
-0.000000000000000
0.000000000000000
0.000000000000455
0.000000000000000
0.000000000000000
-0.000000000000000
0.000000000000142
-0.000000000000011
0.000000000000001
0.000000000000028
-0.000000000000011
0.000000000000001
0.000000000000024
-0.000000000000044
-0.000000000000001
0.000000000000000
-0.000000000000000
0.000000000000000
0.000000000000000
0.000000000000000
0.000000000000000
0.000000000000000
0.000000000000000
0.000000000000000
0.000000000000000
0.000000000000057
-0.000000000000000
0.000000000000000
-0.000000000003524
0.000000000000000
0.000000000000000
0.000000000000044
0.000000000000002
0.000000000000000
0.000000000000033
0.000000000000002
0.000000000000227
0.000000000000033
-0.000000000000002
-0.000000000000114
-0.000000000000000
-0.000000000000000
-0.000000000000000
0.000000000000000
0.000000000000000
0.000000000000000
0.000000000000000
0.000000000000000
0.000000000000000
0.000000000000341
0.000000000000000
-0.000000000000000
0.000000000008185
0.000000000000000
0.000000000000001
0.000000000000000
-0.000000000000028
0.000000000000042
-0.000000000000002
0.000000000000043
0.000000000000044
0.000000000000000
0.000000000000208
0.000000000000039
0.000000000000000
0.000000000000000
-0.000000000000000
0.000000000000000
-0.000000000000000
0.000000000000000
0.000000000000000
0.000000000000000
0.000000000000000
0.000000000000000
0.000000000000000
0.000000000000028
-0.000000000000000
0.000000000000000
0.000000000000568
0.000000000000000
0.000000000000000
0.000000000000092
-0.000000000000004
0.000000000000000
0.000000000000086
-0.000000000000005
0.000000000000455
0.000000000000094
-0.000000000000004
-0.000000000000114
0.000000000000000
0.000000000000000
0.000000000000000
0.000000000000000
0.000000000000000
0.000000000000000
0.000000000000000
0.000000000000000
0.000000000000000
0.000000000000000
-0.000000000000000
0.000000000000000
0.000000000014779
0.000000000000000
0.000000000000000
-0.000000000000000
0.000000000000028
-0.000000000001535
0.000000000000001
0.000000000000000
-0.000000000001535
0.000000000000000
-0.000000000000098
-0.000000000001538
-0.000000000000002
0.000000000000028
-0.000000000000000
-0.000000000000000
-0.000000000000000
0.000000000000000
0.000000000000000
0.000000000000000
0.000000000000000
0.000000000000000
0.000000000000000
-0.000000000000057
0.000000000000000
0.000000000000000
0.000000000007390
-0.000000000000000
-0.000000000000000
-0.000000000001760
-0.000000000000002
-0.000000000000341
-0.000000000001760
-0.000000000000002
-0.000000000000682
-0.000000000001762
0.000000000000000
-0.000000000000114
0.000000000000000
0.000000000000000
-0.000000000000000
0.000000000000000
0.000000000000000
0.000000000000000
0.000000000000000
0.000000000000000
0.000000000000000
-0.000000000000682
0.000000000000000
0.000000000000000
0.000000000006366
0.000000000000000
-0.000000000000000
0.000000000000012
-0.000000000000142
-0.000000000000001
-0.000000000000092
-0.000000000000001
-0.000000000008853
0.000000000000002
-0.000000000000128
0.000000000000000
0.000000000000000
-0.000000000000002
-0.000000000000227
-0.000000000000002
-0.000000000011369
0.000000000000002
-0.000000000000341
0.000000000000000
0.000000000000000
0.000000000000007
0.000000000000014
0.000000000000043
0.000000000000008
0.000000000000000
0.000000000000000
0.000000000000000
0.000000000000014
0.000000000000000
-0.000000000000004
-0.000000000000014
0.000000000000009
0.000000000000000
0.000000000000000
0.000000000000000
-0.000000000000014
-0.000000000000007
0.000000000000000
-0.000000000000014
0.000000000000008
0.000000000000000
0.000000000000000
0.000000000000000
0.000000000000000
-0.000000000000007
0.000000000000018
-0.000000000000014
0.000000000000006
0.000000000000000
0.000000000000000
0.000000000000000
0.000000000000000
0.000000000000007
-0.000000000000014
0.000000000000028
0.000000000000007
0.000000000000000
0.000000000000000
0.000000000000000
-0.000000000000028
-0.000000000000007
0.000000000000011
-0.000000000000014
0.000000000000004
0.000000000000000
0.000000000000000
0.000000000000000
0.000000000000000
0.000000000000000
-0.000000000000004
0.000000000000000
0.000000000000008
0.000000000000000
0.000000000000000
0.000000000000000
-0.000000000000057
0.000000000000000
-0.000000000000004
0.000000000000000
0.000000000000014
0.000000000000000
0.000000000000000
0.000000000000000
-0.000000000000028
0.000000000000007
0.000000000000000
0.000000000000000
0.000000000000007
0.000000000000000
0.000000000000000
0.000000000000000
0.000000000000014
0.000000000000018
0.000000000000000
0.000000000000043
0.000000000000036
0.000000000000000
0.000000000000000
0.000000000000000
0.000000000000014
0.000000000000007
-0.000000000000004
0.000000000000043
0.000000000000008
0.000000000000000
0.000000000000000
0.000000000000000
0.000000000000014
0.000000000000004
0.000000000000000
0.000000000000028
0.000000000000016
0.000000000000000
0.000000000000000
0.000000000000000
0.000000000000028
0.000000000000000
-0.000000000000004
0.000000000000014
-0.000000000000009
0.000000000000000
0.000000000000000
0.000000000000000
-0.000000000000028
-0.000000000000011
-0.000000000000021
-0.000000000000057
-0.000000000000018
0.000000000000000
0.000000000000000
0.000000000000000
0.000000000000014
-0.000000000000009
-0.000000000000014
-0.000000000000043
0.000000000000006
0.000000000000000
0.000000000000000
0.000000000000000
-0.000000000000014
0.000000000000002
0.000000000000004
0.000000000000028
-0.000000000000004
-0.000000000000004
0.000000000000007
-0.000000000000043
0.000000000000009
